a1_Throughput,a1_Angular_Distance_from_target,a1_Euclidean_Distance_from_target,a1_Upstream_Throughput,a1_Beta,a1_Rho,a1_Acceleration,a1_Speed,a1_Position,a1_Heuristic,a1_Angular_Distance_from_a2,a1_Angular_Distance_from_a3,a2_Throughput,a2_Angular_Distance_from_target,a2_Euclidean_Distance_from_target,a2_Upstream_Throughput,a2_Beta,a2_Rho,a2_Acceleration,a2_Speed,a2_Position,a2_Heuristic,a2_Angular_Distance_from_a3,a3_Throughput,a3_Angular_Distance_from_target,a3_Euclidean_Distance_from_target,a3_Upstream_Throughput,a3_Beta,a3_Rho,a3_Acceleration,a3_Speed,a3_Position,a3_Heuristic
53.09830056250526,321.3401917459099,6.4031242374328485,0.0,0,0.0,[ 0.15848548 -0.01246545],[0. 0.],[0.5 9.5],0.009668353275143907,167.31961650818016,83.65980825409008,24.0,128.65980825409008,6.4031242374328485,0.0,0,0.6246950475544241,[-0.22399552  0.03359827],[0. 0.],[9.5 0.5],0.0013419861138219435,83.65980825409008,24.0,45.0,7.0710678118654755,0.0,0,0,[0.07031022 0.17413896],[0. 0.],[0.5 0.5],0.004789110424591365
55.041450048137754,320.5246849275908,6.272216075285894,0.0,0,0.0,[ 0.10484561 -0.0424972 ],[ 0.15848549 -0.01246545],[0.6584855 9.4875345],0.009668353275143907,166.7214051179281,83.86553675920607,24.0,127.24609004551888,6.238858756513663,0.0,0,0.605239666199758,[-0.16285433  0.02306243],[-0.22399552  0.03359827],[9.276005   0.53359824],0.0013419861138219435,82.85586835872203,24.0,44.39022168679685,6.898606810451024,0.0,0,0,[0.05608143 0.09736478],[0.07031022 0.17413896],[0.57031024 0.67413896],0.004789110424591365
58.56979874570443,319.33805615615813,6.0353029139078265,0.0,0,0.0,[ 0.06594201 -0.05783423],[ 0.2633311  -0.05496265],[0.9218166 9.432571 ],0.009668353275143907,165.2789553620733,84.13806903923097,24.0,124.61701151823144,5.965897364417229,0.0,0,0.5680881149737116,[-0.13290994  0.01644565],[-0.3         0.05666069],[8.889155   0.59025896],0.0016020366490937835,81.14088632284233,24.0,43.4761251953891,6.6192026042413055,0.0,0,0,[0.04688253 0.04887716],[0.12639165 0.27150375],[0.6967019 0.9456427],0.004789110424591365
63.762367645218205,318.0444265997077,5.713485539559455,0.0,0,0.0,[ 0.04425726 -0.05491173],[ 0.3        -0.11279687],[1.2510897 9.319775 ],0.013057329588688868,163.3896602451744,84.39727325202182,24.0,121.43408684488213,5.668546742794649,0.0,0,0.521517340598981,[-0.12514843  0.01598495],[-0.3         0.07310635],[8.456245  0.6633653],0.0016020366490937835,78.99238699315259,24.0,42.44169985172954,6.274047950722179,0.0,0,0,[0.03067139 0.03208887],[0.17327419 0.3       ],[0.86997604 1.2660236 ],0.006765529072544369
69.50615474942956,316.91442520009906,5.346391621404816,0.0,0,0.0,[ 0.0321994  -0.04774749],[ 0.3       -0.1677086],[1.5953469 9.152066 ],0.013057329588688868,161.14936294985148,84.48393212160295,24.0,118.06378814995054,5.38011360408589,0.0,0,0.4704542688814511,[-0.11127756  0.01383634],[-0.3         0.08909129],[8.031097  0.7524566],0.0016020366490937835,76.66543082824853,24.0,41.39835732170201,5.900414790883592,0.0,0,0,[0.01882851 0.02539415],[0.20394558 0.3       ],[1.0739217 1.5981126],0.010509185827156086
74.70396014937717,316.11031646161064,4.957087317178069,0.0,0,0.0,[ 0.01814086 -0.03984823],[ 0.3       -0.2154561],[1.9275464 8.93661  ],0.016878880338434613,158.4218131964957,84.28336597676912,24.0,114.53212965810633,5.105496151803608,0.0,0,0.4152034548815436,[-0.10021785  0.01057718],[-0.3         0.10292764],[7.6198196  0.85538423],0.002122773958533885,74.13844721972657,24.0,40.393682438379756,5.518973729132273,0.0,0,0,[0.00851308 0.01186481],[0.22277409 0.3       ],[1.2966957 1.9235067],0.010509185827156086
78.10090595002056,315.6499462202704,4.5509623855495285,0.0,0,0.0,[ 0.00690631 -0.02901071],[ 0.3        -0.25530434],[2.2456872 8.681306 ],0.020618541719052096,155.13230523179186,83.76707580607933,24.0,110.78225145206227,4.846441595842479,0.0,0,0.35481736386542095,[-0.08891676  0.00829007],[-0.3         0.11350483],[7.2196016  0.96888906],0.002122773958533885,71.36522942571253,24.0,39.41702202634974,5.141470514202669,0.0,0,0,[0.00454166 0.0050755 ],[0.23128717 0.3       ],[1.5279828 2.2353716],0.014359822680762167
78.56839645777879,315.49424057681216,4.1327667260464285,0.0,0,0.0,[-0.00386197 -0.02308924],[ 0.3        -0.28431505],[2.5525935 8.396991 ],0.020618541719052096,151.29901473774356,82.88961759640716,24.0,106.79325531455572,4.605734448718426,0.0,0,0.2889191021934638,[-0.07825778  0.00775749],[-0.3         0.12179489],[6.8306847 1.0906839],0.003785528627604308,68.4093971413364,24.0,38.38385817321932,4.766346381372629,0.0,0,0,[-1.46246515e-05 -4.26671356e-03],[0.23582882 0.3       ],[1.7638116 2.540447 ],0.014359822680762167
50.40071964386021,315.6743113722444,3.7061005857955904,0.0,0,0.0,[-0.01410852 -0.01923166],[ 0.29613805 -0.3       ],[2.8487315 8.089586 ],0.020618541719052096,146.8719515135038,81.59718648985569,16.0,102.5462628857482,4.384460552373559,0.0,0,0.21722784343099813,[-0.06503883  0.00525696],[-0.3         0.12955238],[6.452427  1.2202363],0.003785528627604308,65.27476502364811,16.0,37.27149786210009,4.39869928487209,0.0,0,0,[-0.00537106 -0.01434726],[0.2358142 0.2957333],[1.9996258 2.8361802],0.014359822680762167
46.37734350780948,316.2209656207343,3.2814331359103854,0.0,0,0.0,[-0.02082747 -0.01293121],[ 0.2820295 -0.3      ],[3.1307611 7.7703547],0.03402858670631018,141.84480341202573,79.8556788599796,16.0,98.06576903276004,4.186367286091834,0.0,0,0.1403097240384778,[-0.05403467  0.00393896],[-0.3         0.13480933],[6.087388  1.3550457],0.003785528627604308,61.98912455204612,16.0,36.076644480713924,4.045792798074899,0.0,0,0,[-0.00629446 -0.01673046],[0.23044313 0.28138605],[2.230069  3.1175663],0.026579696626521987
41.424734091781545,317.1216658377712,2.8766867151595568,0.0,0,0.0,[-0.02509647 -0.00874489],[ 0.26120204 -0.3       ],[3.3919632 7.4574237],0.03402858670631018,136.2119270168714,77.6898017434338,16.0,93.33359285464263,4.012996447393218,0.0,0,0.0581493507480063,[-0.04093677  0.0014972 ],[-0.3         0.13874829],[5.733353 1.493794],0.005686034337804017,58.52212527343761,16.961703513461078,34.81146758120502,3.7096864976437796,0.0,0,0,[-0.00694271 -0.01890777],[0.22414868 0.2646556 ],[2.4542177 3.382222 ],0.026579696626521987
36.71877248871776,318.6284366909737,2.4944473680138226,0.0,0,0.0,[-0.02843271 -0.00177981],[ 0.23610556 -0.3       ],[3.628069 7.148679],0.03402858670631018,129.77752446987103,74.86925929170525,16.0,88.4059611608447,3.8674572472883986,0.0,0,0.0,[-0.02808564  0.00365317],[-0.3         0.14024548],[5.3924165 1.6340394],0.005686034337804017,54.90826517816578,17.97028112806379,33.49769598267892,3.391952435049585,0.0,0,0,[-0.01108818 -0.01904373],[0.21720597 0.24574782],[2.6714237 3.6279697],0.026579696626521987
32.75929173609842,321.01644485247664,2.1410026854048447,0.0,0,0.0,[-0.02832684  0.00727484],[ 0.20767285 -0.3       ],[3.8357418 6.846899 ],0.04266459500952604,122.30743847551798,71.08764781886958,16.0,83.32388332799462,3.747472868468145,0.0,0,0.0,[-0.02006443  0.00384339],[-0.3         0.14389865],[5.064331 1.777938],0.005686034337804017,51.2197906566484,18.794861899831627,32.10409267134622,3.095866027872952,0.0,0,0,[-0.01305477 -0.02151849],[0.2061178  0.22670409],[2.8775415 3.8546739],0.026579696626521987
29.12426710048269,324.6281690155612,1.8210567073734412,0.0,0,0.0,[-0.02956076  0.0135472 ],[ 0.17934601 -0.29272518],[4.0150876 6.554174 ],0.05332223763291722,113.43337165834822,67.47592365578504,16.0,78.0615406739094,3.653340426918881,0.0,0,0.0,[-0.00656932  0.00035129],[-0.3         0.14774205],[4.7442665 1.92568  ],0.008384293876880252,45.95744800256318,18.794861899831627,32.10409267134622,3.095866027872952,0.0,0,0,[0.03872752 0.06115021],[0. 0.],[2.8775415 3.8546739],0.026579696626521987
26.300582454358125,329.86629936952204,1.5437563105852734,0.0,0,0.0,[-0.02725555  0.01867172],[ 0.14978525 -0.27917796],[4.1648726 6.274996 ],0.05332223763291722,102.90763518582457,61.64761905556429,16.0,72.77393455534661,3.5871319483707396,0.0,0,0.0,[ 0.00422797 -0.00040903],[-0.3         0.14809334],[4.4376974 2.0737734],0.011297429731266255,41.26001613026028,19.034184985752084,31.51391842508633,3.0307224542665527,0.0,0,0,[0.02989035 0.03595049],[0.03872751 0.0611502 ],[2.916269  3.9158242],0.026579696626521987
24.345530566839983,337.0091128626521,1.3172293419206904,0.0,0,0.0,[-0.02618924  0.02617107],[ 0.1225297  -0.26050624],[4.287402  6.0144897],0.05332223763291722,90.49002215660386,53.58483746471359,16.0,67.49913501925596,3.5486907837883166,0.0,0,0.0,[0.01255959 0.0003532 ],[-0.29577205  0.1476843 ],[4.1419253 2.2214577],0.011297429731266255,36.90518469189027,19.38853459017256,30.59395032736569,2.9218465080173845,0.0,0,0,[0.02224814 0.02042377],[0.06861787 0.09710069],[2.984887  4.0129247],0.03389199826769396
22.686216610801427,345.91109199493474,1.1508765244627548,0.0,0,0.0,[-0.02129255  0.02889352],[ 0.09634046 -0.23433517],[4.383743  5.7801547],0.06666666666666668,76.421410821248,43.552689231975705,16.0,62.33250281618274,3.534668853081666,0.0,0,0.0,[0.02144202 0.00064631],[-0.28321245  0.14803751],[3.858713  2.3694952],0.01603523872327461,32.8687215892723,19.778920740280853,29.46378122691044,2.7843567980173964,0.0,0,0,[0.01388006 0.00718703],[0.09086601 0.11752446],[3.075753  4.1304493],0.0426195317789121
21.24967891960715,355.89570649538285,1.043886348418939,0.0,0,0.0,[-0.01399017  0.02988895],[ 0.07504791 -0.20544165],[4.458791 5.574713],0.06666666666666668,61.55746385653407,32.326040139467636,16.0,57.453170351916924,3.537355646462673,0.0,0,0.0,[0.02610631 0.00044004],[-0.26177043  0.14868382],[3.5969424 2.518179 ],0.01603523872327461,29.231423717066434,20.215135819411643,28.22174663485049,2.632434072310626,0.0,0,0,[0.01028899 0.00144508],[0.10474607 0.12471148],[3.180499 4.255161],0.0426195317789121
20.010632363395843,5.874017474869959,0.9853252718638034,0.0,0,0.0,[-0.0102692   0.03009807],[ 0.06105774 -0.1755527 ],[4.5198483 5.3991604],0.06666666666666668,47.07272252381216,21.032048915437656,16.0,52.94673999868212,3.5494089212654973,0.0,0,0.0,[ 0.03059372 -0.00014084],[-0.23566411  0.14912386],[3.3612783 2.6673028],0.01603523872327461,26.040673608374505,20.67809753007987,26.906066390307615,2.4720681825103896,0.0,0,0,[ 0.00440685 -0.00279652],[0.11503506 0.12615657],[3.2955341 4.381317 ],0.0426195317789121
19.30802184232579,14.84296210771987,0.9614451606259249,0.0,0,0.0,[-0.00687053  0.02746597],[ 0.05078854 -0.14545462],[4.5706367 5.253706 ],0.06666666666666668,34.025058141491115,10.675332308557074,16.0,48.868020249210986,3.563100268519832,0.0,0,0.0,[ 0.0331354  -0.00082103],[-0.20507039  0.14898303],[3.1562078 2.8162858],0.01603523872327461,23.34972583293404,21.040416525278363,25.518294416276945,2.3104094584977597,0.0,0,0,[ 0.00100957 -0.00425253],[0.11944191 0.12336005],[3.4149761 4.5046773],0.0426195317789121
18.720670441941955,22.36284630792261,0.9574522836241127,0.0,0,0.0,[-0.0047176   0.02484625],[ 0.04391801 -0.11798865],[4.614555  5.1357174],0.06666666666666668,22.862021140193406,1.674406492235164,16.0,45.224867448116015,3.5718213597427613,0.0,0,0.0,[ 0.0330832  -0.00176928],[-0.17193499  0.148162  ],[2.9842727 2.964448 ],0.02106954241537622,21.18761464795824,21.303544941192325,24.037252800157773,2.151115414020315,0.0,0,0,[-0.00102937 -0.007468  ],[0.12045148 0.11910753],[3.5354276 4.623785 ],0.0426195317789121
18.232564911125305,28.392783080089487,0.9619605085292937,0.0,0,0.0,[-0.00276141  0.02080092],[ 0.0392004 -0.0931424],[4.653755 5.042575],0.06666666666666668,13.594882030211181,5.88511755832684,16.0,41.98766511030067,3.571396397174325,0.0,0,0.0,[ 0.03362308 -0.00037386],[-0.13885179  0.14639273],[2.8454208 3.1108408],0.026980452279659548,19.47999958853802,21.456871037874425,22.507665521762647,1.9972869214494442,0.0,0,0,[-0.00287609 -0.00785042],[0.11942212 0.11163953],[3.6548498 4.7354245],0.0426195317789121
17.82503739902201,33.19229337540213,0.9676973467198832,0.0,0,0.0,[-0.00018415  0.01829137],[ 0.03643899 -0.07234147],[4.690194  4.9702334],0.05333333333333334,5.9115228760151695,12.272152389242251,16.0,39.1038162514173,3.556433224577957,0.0,0,0.0,[ 0.03219273 -0.00278335],[-0.10522871  0.14601888],[2.7401922 3.2568598],0.026980452279659548,18.18367526525742,21.513072815247828,20.92014098615988,1.8505975311443774,0.0,0,0,[-0.00361374 -0.00863924],[0.11654603 0.10378911],[3.7713957 4.839214 ],0.0426195317789121
17.480381615689307,37.04268535448898,0.9691351136996386,0.0,0,0.0,[-0.00161628  0.01470743],[ 0.03625485 -0.0540501 ],[4.726449  4.9161835],0.05333333333333334,0.49421959764146095,17.747871377232343,16.762216377196633,36.54846575684752,3.5262733801403905,0.0,0,0.0,[ 0.03049096 -0.00129356],[-0.07303598  0.14323552],[2.6671562 3.4000952],0.026980452279659548,17.253651779590882,21.479164138700504,19.294813977256638,1.711823774557499,0.0,0,0,[-0.00613446 -0.0110935 ],[0.11293229 0.09514987],[3.884328 4.934364],0.0426195317789121
17.193494358977063,40.14249536091319,0.9666020137128668,0.0,0,0.0,[0.0008992  0.01592183],[ 0.03463856 -0.03934267],[4.7610874 4.8768406],0.05333333333333334,5.890042599278161,22.441233867466792,17.585362344657714,34.25245276163503,3.4787180449236073,0.0,0,0.0,[ 0.02934992 -0.0013209 ],[-0.04254502  0.14194195],[2.6246111 3.5420372],0.026980452279659548,16.55119126818863,21.364663904309275,17.701261493446395,1.5838624845277272,0.0,0,0,[-0.00687576 -0.009834  ],[0.10679782 0.08405637],[3.9911258 5.01842  ],0.05333024214322511
16.95809159524172,42.59090097284695,0.9554068125081552,0.0,0,0.0,[0.00026291 0.01031144],[ 0.03553776 -0.02342085],[4.796625 4.85342 ],0.05333333333333334,10.415003373479408,26.465226308314527,18.356416150377527,32.175897599367545,3.41271858982377,0.0,0,0.0,[ 0.02577786 -0.00238848],[-0.0131951   0.14062105],[2.611416  3.6826582],0.026980452279659548,16.05022293483512,21.193400438236424,16.125674664532426,1.4666582100662204,0.0,0,0,[-0.00432535 -0.00738796],[0.09992206 0.07422237],[4.091048 5.092643],0.06666666666666671
16.757306593037654,44.65962252053373,0.9385338174189676,0.0,0,0.0,[0.00031258 0.00770193],[ 0.03580066 -0.0131094 ],[4.8324256 4.8403106],0.05333333333333334,14.381755769532788,30.12421882908967,19.072359427992765,30.277866751000943,3.3302838615830743,0.0,0,0.0,[ 0.02521491 -0.00361588],[0.01258276 0.13823257],[2.6239989 3.8208907],0.026980452279659548,15.742463059556883,20.97367065028573,14.53540369144406,1.356782326468152,0.0,0,0,[-0.0063706  -0.00732521],[0.09559672 0.06683441],[4.1866446 5.159477 ],0.06666666666666671
16.5815420625348,46.48604755307713,0.9171133384885637,0.0,0,0.0,[0.00102356 0.00565745],[ 0.03611325 -0.00540748],[4.868539  4.8349032],0.05333333333333334,17.93191207150818,33.557122622140014,19.721998867132942,28.55413548156895,3.2312314182066912,0.0,0,0.0,[ 0.0223138  -0.00415934],[0.03779767 0.1346167 ],[2.6617966 3.9555073],0.026980452279659548,15.625210550631834,20.72635424444109,12.928924930937114,1.2559700948343613,0.0,0,0,[-0.00440586 -0.00782323],[0.08922611 0.0595092 ],[4.275871  5.2189865],0.06666666666666671
16.420255733921515,48.205633641392524,0.8917637280404064,0.0,0,0.0,[0.00030342 0.00513787],[0.0371368  0.00024997],[4.905676 4.835153],0.05333333333333334,21.22976017302102,36.82483444705059,20.449057108562393,26.975873468371503,3.117256892450274,0.0,0,0.0,[ 0.01801514 -0.00664608],[0.06011147 0.13045736],[2.721908  4.0859647],0.03403179877939399,15.595074274029571,20.443589460005523,11.380799194341932,1.162160066823122,0.0,0,0,[-0.00841885 -0.00466767],[0.08482026 0.05168597],[4.360691  5.2706723],0.06666666666666671
16.2744115602144,49.82039956027563,0.8631372446771844,0.0,0,0.0,[-0.00055696  0.00402625],[0.03744022 0.00538785],[4.943116 4.840541],0.05333333333333334,24.27880700762654,40.087772868844354,21.185428698537955,25.541592552649092,2.9924054628377577,0.0,0,0.0,[ 0.01569132 -0.00416987],[0.07812661 0.12381127],[2.8000348 4.209776 ],0.03403179877939399,15.808965861217814,20.174198980212427,9.732626691431278,1.078429133580448,0.0,0,0,[-0.00572557 -0.00755297],[0.07640141 0.0470183 ],[4.4370923 5.317691 ],0.06666666666666671
16.143644984889058,51.3420984794476,0.8324415124021951,0.0,0,0.0,[0.00026293 0.00349949],[0.03688326 0.00941409],[4.9799995 4.849955 ],0.05333333333333334,27.154285952799,43.1499657725675,21.80466202861843,24.1878125266486,2.85696827386456,0.0,0,0.0,[ 0.01070079 -0.00578401],[0.09381793 0.11964141],[2.8938527 4.329417 ],0.03403179877939399,15.995679819768498,19.927627726006495,8.192132706880102,1.0024611539683814,0.0,0,0,[-0.00673194 -0.00771402],[0.07067584 0.03946534],[4.507768  5.3571563],0.06666666666666671
16.022248477646116,52.843075661033424,0.7994276221717898,0.0,0,0.0,[-0.00112703  0.00063267],[0.03714618 0.01291359],[5.0171456 4.862869 ],0.06666666666666668,29.943149652513284,46.01867781150662,22.29819882434302,22.89992600852014,2.7156609923986816,0.0,0,0.0,[ 0.00871786 -0.00429044],[0.10451872 0.1138574 ],[2.9983714 4.4432745],0.03403179877939399,16.075528158993336,19.737698254380387,6.824397849526804,0.9349118342460591,0.0,0,0,[-0.0046395  -0.00324237],[0.06394389 0.03175132],[4.571712  5.3889074],0.06666666666666671
16.0,54.37618196969197,0.7671502401680771,0.0,0,0.0,[-0.0013448   0.00184487],[0.03601915 0.01354626],[5.053165  4.8764153],0.06666666666666668,32.744520219480194,48.94741099822966,22.674824230897297,21.631661750211777,2.569343325562425,0.0,0,0.0,[ 0.00502437 -0.00432765],[0.11323658 0.10956696],[3.111608  4.5528417],0.042646077672252126,16.202890778749463,19.553474898483543,5.428770971462313,0.8728990620681324,0.0,0,0,[-0.00413961 -0.00530249],[0.0593044  0.02850894],[4.6310163 5.4174166],0.06666666666666671
16.0,55.875267882024445,0.7346943543827992,0.0,0,0.0,[-0.00193615  0.00045314],[0.03467435 0.01539113],[5.087839  4.8918066],0.06666666666666668,35.527063252227094,51.702294154856986,22.941640787064383,20.34820462979735,2.4212234040386758,0.0,0,0.0,[ 0.0040395  -0.00706124],[0.11826094 0.10523932],[3.229869 4.658081],0.042646077672252126,16.17523090262989,19.36787604823546,4.172973727167459,0.815982171679905,0.0,0,0,[-0.00326225 -0.00345463],[0.05516478 0.02320646],[4.686181 5.440623],0.06666666666666671
16.0,57.35885399215033,0.7034479073521075,0.0,0,0.0,[-0.00177682 -0.00014884],[0.0327382  0.01584427],[5.1205773 4.907651 ],0.06666666666666668,38.259140721605945,54.38173997968909,23.080128718405483,19.099713270544385,2.272955685855774,0.0,0,0.0,[ 0.0013752  -0.00576633],[0.12230045 0.09817807],[3.3521693 4.756259 ],0.042646077672252126,16.12259925808314,19.183820537762973,2.977114012461243,0.7629458628796497,0.0,0,0,[-0.0048349 -0.0048791],[0.05190254 0.01975182],[4.738084 5.460375],0.06666666666666671
16.0,58.856198946746076,0.6737613898474104,0.0,0,0.0,[-0.00239311  0.00095289],[0.03096138 0.01569543],[5.151539  4.9233465],0.06666666666666668,41.01914215596133,56.873045815289004,23.111783150182944,17.837056790784743,2.1263664243651332,0.0,0,0.0,[ 0.00140399 -0.00474696],[0.12367564 0.09241174],[3.4758449 4.8486705],0.042646077672252126,15.85390365932767,19.00558260862522,1.9831531314570725,0.7152769367598603,0.0,0,0,[-0.00467272 -0.00158901],[0.04706764 0.01487272],[4.7851515 5.4752474],0.06666666666666671
16.0,60.263609793877094,0.6449319866158582,0.0,0,0.0,[-0.00086446 -0.00050504],[0.02856826 0.01664832],[5.180107 4.939995],0.06666666666666668,43.73218593451969,59.286508432627784,23.045391769949386,16.531423859357403,1.980960857735406,0.0,0,0.0,[ 0.0001278  -0.00444911],[0.12507963 0.08766478],[3.6009245 4.936335 ],0.042646077672252126,15.554322498108093,18.842994564012994,0.9771013612493107,0.6725511989572652,0.0,0,0,[-0.00207297 -0.00366971],[0.04239492 0.01328372],[4.8275466 5.488531 ],0.06666666666666671
16.0,61.7531392684856,0.6173817391701734,0.0,0,0.0,[-0.00096819  0.00072789],[0.0277038  0.01614328],[5.207811 4.956138],0.06666666666666668,46.59827095053845,61.58501376677128,22.892413576630496,15.154868317947148,1.8377811112153515,0.0,0,0.0,[-0.00200197 -0.00676217],[0.12520744 0.08321568],[3.726132 5.019551],0.053321739130434746,14.986742816232834,18.67831891619381,0.1681255017143144,0.6321342979919062,0.0,0,0,[-0.0031258  -0.00370201],[0.04032195 0.009614  ],[4.8678684 5.498145 ],0.06666666666666671
16.0,63.264908332237496,0.5900719224460632,0.0,0,0.0,[-9.20180231e-05 -2.34394558e-03],[0.02673561 0.01687117],[5.2345467 4.973009 ],0.06666666666666668,49.51225790191063,63.655608546589235,22.65553251478822,13.752650430326867,1.6993821213485876,0.0,0,0.0,[-0.00212452 -0.00392949],[0.12320547 0.07645351],[3.8493373 5.0960045],0.053321739130434746,14.143350644678605,18.517057579051933,359.60929978564826,0.5949492493439776,0.0,0,0,[-0.00331135 -0.00067437],[0.03719615 0.005912  ],[4.9050646 5.504057 ],0.06666666666666671
16.0,65.01433734502518,0.5653750333805367,0.0,0,0.0,[-0.00342608  0.00219945],[0.02664359 0.01452723],[5.2611904 4.9875364],0.06666666666666668,52.78699438236572,65.9634275984888,22.35941734197948,12.227342962659463,1.5650858619459753,0.0,0,0.0,[-0.00185221 -0.00475833],[0.12108095 0.07252402],[3.9704182 5.1685286],0.053321739130434746,13.176433216123087,18.36903874212951,359.0509097465364,0.5611273974148444,0.0,0,0,[-0.00267503 -0.00082311],[0.0338848  0.00523763],[4.9389496 5.5092945],0.06666666666666671
16.0,66.49618090275743,0.540587753198651,0.0,0,0.0,[-0.0029532  -0.00047802],[0.02321751 0.01672668],[5.284408 5.004263],0.1,55.90539301498694,67.97831862023111,22.003592440515305,10.590787887770489,1.434795042913584,0.0,0,0.0,[-0.00391263 -0.00422122],[0.11922874 0.06776569],[4.089647  5.2362943],0.06666666666666668,12.072925605244166,18.231002544720983,358.5178622825263,0.5300177935933907,0.0,0,0,[-0.00156668 -0.00236891],[0.03120977 0.00441452],[4.9701595 5.513709 ],0.06666666666666671
16.0,67.83563787868502,0.5177470743582934,0.0,0,0.0,[-0.00234878  0.00082124],[0.02026431 0.01624866],[5.3046722 5.0205116],0.1,59.04950374868611,69.63968455313818,21.610287311137437,8.786134129998914,1.3104144911157427,0.0,0,0.0,[-0.0058586  -0.00494612],[0.11531612 0.06354447],[4.2049627 5.2998385],0.06666666666666668,10.590180804452075,18.093534019826475,358.19595332554684,0.5004454616811839,0.0,0,0,[-0.00215828 -0.00095363],[0.0296431  0.00204561],[4.9998026 5.5157547],0.06666666666666671
16.0,69.01013245657998,0.49528370719459275,0.0,0,0.0,[-0.00089472  0.0006972 ],[0.01791554 0.0170699 ],[5.322588  5.0375814],0.1,62.20102632401682,71.05119116210204,21.19533759862299,6.8091061325631586,1.1940014542211321,0.0,0,0.0,[-0.00453613 -0.00694226],[0.10945752 0.05859834],[4.31442  5.358437],0.06666666666666668,8.85016483808522,17.96355120460686,357.95894129447794,0.4730126143880403,0.0,0,0,[-0.00243928 -0.00195731],[0.02748482 0.00109198],[5.0272875 5.5168467],0.1
16.0,70.16499923982514,0.47269485679628737,0.0,0,0.0,[-1.69152441e-04 -6.89373235e-05],[0.01702082 0.0177671 ],[5.3396087 5.0553484],0.1,65.40915970866786,72.20952393242817,20.747487162499997,4.755839531157278,1.0843919348046676,0.0,0,0.0,[-0.00737147 -0.00446247],[0.10492139 0.05165608],[4.4193416 5.4100933],0.06666666666666668,6.800364223760312,17.839818370491077,357.95547530739697,0.44795228617314203,0.0,0,0,[-0.00133642 -0.00229682],[ 0.02504554 -0.00086532],[5.052333 5.515981],0.1
16.0,71.41762983163056,0.45043612356432533,0.0,0,0.0,[-0.00038192  0.00023249],[0.01685167 0.01769816],[5.3564606 5.0730467],0.1,68.92986177528832,73.14950069566532,20.305059794648777,2.4877680563422473,0.9840359635620897,0.0,0,0.0,[-0.0055225  -0.00368919],[0.09754992 0.04719361],[4.5168915 5.457287 ],0.06666666666666668,4.219638920377008,17.716201077480548,358.26812913596524,0.4241515756252153,0.0,0,0,[ 0.00030444 -0.00191993],[ 0.02370912 -0.00316215],[5.076042 5.512819],0.1
16.0,72.74175777081439,0.4283063256149387,0.0,0,0.0,[-1.53231528e-03  7.18255993e-05],[0.01646975 0.01793065],[5.3729305 5.090977 ],0.1,72.79262307540347,73.84997206709056,19.909761639884433,359.9491346954109,0.8910816843046228,0.0,0,0.0,[-0.00472745 -0.00509556],[0.09202741 0.04350442],[4.6089187 5.500791 ],0.06666666666666668,1.0573489916870926,17.585838446439812,358.8917857037238,0.4000191291675846,0.0,0,0,[-0.0044509   0.00047581],[ 0.02401356 -0.00508208],[5.1000557 5.5077367],0.1
16.0,73.99880767289233,0.4067806228459044,0.0,0,0.0,[-0.00108498 -0.00157443],[0.01493743 0.01800247],[5.387868  5.1089797],0.1,76.79086823726152,74.47032555378638,19.612555642782027,357.2079394356308,0.8047368150233914,0.0,0,0.0,[-0.00553452 -0.00501516],[0.08729996 0.03840886],[4.6962185 5.5392   ],0.06666666666666668,2.3205426834751393,17.478335804709232,359.52848211910595,0.38039446526330933,0.0,0,0,[-0.00245884  0.00090585],[ 0.01956266 -0.00460627],[5.1196184 5.5031304],0.1
16.0,75.29899471305589,0.3872702542457422,0.0,0,0.0,[-0.0003832  -0.00107644],[0.01385245 0.01642804],[5.4017205 5.1254077],0.1,81.04039358100403,75.20912336011594,19.318663631194493,354.25860113205187,0.7256560772451265,0.0,0,0.0,[-0.00609313 -0.00383717],[0.08176544 0.0333937 ],[4.777984  5.5725937],0.06666666666666668,5.831270220888086,17.385189620307614,0.08987135293995152,0.36327835903616995,0.0,0,0,[-0.00080024 -0.00048163],[ 0.01710382 -0.00370042],[5.136722 5.49943 ],0.1
16.0,76.71670830270074,0.36911588892981045,0.0,0,0.0,[-0.00162017 -0.00017464],[0.01346926 0.0153516 ],[5.4151897 5.1407595],0.1,85.69765249052665,75.93211340479019,19.036557156019782,351.0190558121741,0.654366030106296,0.0,0,0.0,[-0.00680602 -0.00491843],[0.0756723  0.02955653],[4.8536563 5.6021504],0.06666666666666668,9.765539085736464,17.294620070977547,0.7845948979105515,0.34700690758068553,0.0,0,0,[-0.00023996 -0.0013633 ],[ 0.01630358 -0.00418205],[5.1530256 5.4952483],0.1
16.0,78.02735609584442,0.35171469387816673,0.0,0,0.0,[-0.00081026  0.001605  ],[0.01184908 0.01517697],[5.4270387 5.1559362],0.1,90.4105051910621,76.24508023914962,18.768818477326,347.6168509047823,0.5912322423438581,0.0,0,0.0,[-0.00460841 -0.00275159],[0.06886628 0.0246381 ],[4.9225225 5.6267886],0.06666666666666668,14.165424951912485,17.201557752565947,1.7822758566948096,0.33107084505511947,0.0,0,0,[-0.00195793  0.00133369],[ 0.01606362 -0.00554535],[5.1690893 5.489703 ],0.1
16.0,79.28614292828183,0.3330883940724044,0.0,0,0.0,[-0.00044337 -0.00086616],[0.01103882 0.01678196],[5.4380774 5.172718 ],0.1,95.44196307066215,76.66408438558045,18.51227935594668,343.8441798576197,0.534320459194249,0.0,0,0.0,[-0.00430849 -0.00351953],[0.06425787 0.02188651],[4.9867806 5.648675 ],0.06666666666666668,18.777878685081703,17.121583217995685,2.6220585427013816,0.3171369183008717,0.0,0,0,[-0.00075707 -0.00055591],[ 0.01410569 -0.00421166],[5.183195  5.4854918],0.1
16.0,80.6392450265082,0.3155682508358657,0.0,0,0.0,[-0.00214443 -0.00256669],[0.01059545 0.0159158 ],[5.448673 5.188634],0.1,100.869400227178,77.00467737521126,18.264603031858027,339.7698447993302,0.48306998567601606,0.0,0,0.0,[-0.0050786  -0.00152807],[0.05994938 0.01836698],[5.04673  5.667042],0.1,23.864722851966746,17.04380772031097,3.6345676512969476,0.3040678891316051,0.0,0,0,[-0.00272924 -0.00199306],[ 0.01334862 -0.00476757],[5.1965437 5.4807243],0.1
16.0,81.81293331520862,0.3010855683202268,98.97147722659106,0,0.0,[0.00017182 0.00151665],[0.00845101 0.01334911],[5.4571238 5.201983 ],0.1,106.5885696385887,76.73210359450303,18.035633245319016,335.22436367661993,0.43878718679617656,64.24256264076469,0,0.0,[-0.00584312 -0.00235178],[0.05487078 0.0168389 ],[5.1016006 5.683881 ],0.1,29.856466044085664,16.97402742921544,5.080829720705594,0.29399231155492145,101.33589614835952,1,0,[-0.00059244  0.00044461],[ 0.01061938 -0.00676063],[5.207163  5.4739637],0.1
16.0,83.10228485167511,0.2852155019100928,52.1307496816512,1,0.0,[-1.55955274e-04  3.51252034e-05],[0.00862283 0.01486577],[5.4657464 5.216849 ],0.1,112.68953815032393,76.57622762400302,17.82783096368461,330.4127467013512,0.401759410287822,35.8240589712178,0,0.0,[-0.00517719 -0.00299091],[0.04902766 0.01448713],[5.150628 5.698368],0.1,36.1133105263209,16.90831750069745,6.526057227672084,0.2846546967967968,52.22421720053387,1,0,[-3.94398347e-05  9.03035235e-04],[ 0.01002694 -0.00631603],[5.21719   5.4676476],0.1
16.0,84.50903779744067,0.26948705941552586,55.10258811689483,1,0.0,[-0.00113177 -0.0009942 ],[0.00846688 0.01490089],[5.474213  5.2317495],0.1,118.99439251231212,76.62795282351351,17.637039679064703,325.51464528512855,0.37065662926433535,38.93433707356647,0,0.0,[-0.00360825 -0.00307318],[0.04385047 0.01149622],[5.1944785 5.709864 ],0.1,42.36643968879861,16.84520710261754,7.881084973927159,0.2754242989648673,53.915140207026546,1,0,[-0.00082758 -0.00180205],[ 0.0099875  -0.00541299],[5.227177  5.4622345],0.1
16.0,85.85067774364711,0.25501240825329974,57.997518349340055,1,0.0,[ 0.0025774  -0.00046064],[0.0073351  0.01390669],[5.4815483 5.245656 ],0.1,125.30018181405796,76.16929784504055,17.455826753077435,320.55049592958915,0.34354375822961525,42.527498902717966,0,0.0,[-0.00363063 -0.00198909],[0.04024221 0.00842304],[5.2347207 5.718287 ],0.1,49.13088396901742,16.781324658772867,9.681379898606565,0.26747210654546555,55.505578690906894,1,0,[0.0005071 0.0017101],[ 0.00915992 -0.00721504],[5.236337  5.4550195],0.1
16.0,87.96986660103511,0.24104943080417787,61.088466145691825,1,0.0,[-0.00229379 -0.00116628],[0.00991251 0.01344605],[5.491461 5.259102],0.1,132.47111531807985,76.7279636467456,17.287330284731997,315.49875128295525,0.3206063646915753,46.23227255140412,0,0.0,[-0.00444084 -0.00113689],[0.03661158 0.00643395],[5.2713323 5.724721 ],0.1,55.74315167133426,16.719530472421305,11.241902954289515,0.2589646921628557,57.20706156742886,1,0,[-0.00169111  0.00103169],[ 0.00966702 -0.00550494],[5.246004  5.4495144],0.1
16.0,89.7693587462918,0.22861999729337182,63.988667298213244,1,0.0,[7.87974335e-05 1.42351817e-04],[0.00761872 0.01227977],[5.4990797 5.271382 ],0.1,139.26317846474433,77.17670730815138,17.137931328550273,310.5061802815475,0.30252173621320566,49.24637729779906,0,0.0,[-0.00280918 -0.00080066],[0.03217074 0.00529706],[5.303503 5.730018],0.1,62.08647115659295,16.668728806207625,12.592651438140422,0.2520837831464901,58.58324337070198,1,0,[-5.05217118e-05  2.51963921e-04],[ 0.00797591 -0.00447325],[5.25398  5.445041],0.1
16.0,91.79551280138116,0.2163022608535214,44.65737584826286,1,0.031332481236201325,[ 0.0005948  -0.00113108],[0.00769751 0.01242212],[5.5067773 5.283804 ],0.1,146.31859117809893,77.8370540612139,17.000401151130195,305.47692162328224,0.2879780178173212,34.44688690918654,1,0.0,[-4.74034101e-03  7.69438222e-05],[0.02936156 0.0044964 ],[5.3328648 5.7345147],0.1,68.48153711688502,16.6188450691484,13.95845874016726,0.24533897578207348,40.058381545010796,1,0,[ 0.000101   -0.00100529],[ 0.00792539 -0.00422129],[5.2619057 5.4408197],0.1
16.0,94.20617415405354,0.20545841906308038,46.58516994434127,1,0.07334566662886043,[-0.00053532 -0.00108724],[0.00829231 0.01129104],[5.5150695 5.295095 ],0.1,153.40809412094706,78.56672031985858,16.886656722201383,300.7980800331065,0.2783404482286843,35.554606902842096,1,0.0,[-0.00252638 -0.00241485],[0.02462122 0.00457334],[5.357486 5.739088],0.1,74.84137380108848,16.565787040475815,15.639453834194967,0.23891296636814316,41.057983009399955,1,0,[-3.68125853e-05  1.04356166e-03],[ 0.00802639 -0.00522658],[5.2699323 5.435593 ],0.1
16.0,96.68680336416435,0.19603472186977744,48.26049388981735,1,0.1164419822295826,[ 0.00017348 -0.00111302],[0.00775699 0.0102038 ],[5.5228267 5.305299 ],0.1,160.16049616368946,79.52331221108494,16.779891847349656,296.5263072004749,0.2696309086945291,36.71587884072945,1,0.0,[-4.09212261e-03  7.67810270e-05],[0.02209485 0.0021585 ],[5.3795805 5.7412467],0.1,80.63718395260452,16.5156950837077,17.163491153079406,0.23242918689075087,42.06657092810542,1,0,[-4.56473744e-04 -8.27943673e-05],[ 0.00798958 -0.00418301],[5.2779217 5.4314103],0.1
16.0,99.40882273528263,0.18814136005227444,49.66375821292899,1,0.16347787838820924,[-0.00040403 -0.00083426],[0.00793047 0.00909078],[5.530757  5.3143897],0.1,166.59551803200617,80.65231585982661,16.693870448427237,292.81330470327646,0.2641453758509607,37.44728321987191,1,0.0,[-0.00321164 -0.00095522],[0.01800272 0.00223528],[5.397583 5.743482],0.1,85.94320217217955,16.46760539185587,18.75650687545601,0.22657798691399447,42.976757591156414,1,0,[ 3.77273420e-05 -1.42790275e-03],[ 0.0075331  -0.00426581],[5.2854548 5.4271445],0.1
16.0,102.18089014273357,0.18143871148170643,50.855340181029966,1,0.21099878725360127,[-0.00309372 -0.00090998],[0.00752644 0.00825652],[5.5382833 5.322646 ],0.1,172.48327282733123,81.3985169625384,16.621841898187753,289.69761731540234,0.25997446331939816,38.003404890746914,1,0.0,[-0.0023179 -0.0016561],[0.01479108 0.00128006],[5.412374 5.744762],0.1,91.08475586479284,16.415520296169337,20.78237318019518,0.2213785269295323,43.785562477628304,1,0,[-0.00267263  0.00036553],[ 0.00757083 -0.00569371],[5.2930255 5.4214506],0.1
16.0,104.1041725171907,0.17529151937584553,51.94817433318302,1,0.24368564125777312,[-0.00106561 -0.00145459],[0.00443272 0.00734655],[5.542716 5.329993],0.1,177.01059596494883,81.56189053365426,16.55774786214143,287.09357655224187,0.25568014054055893,38.57598126125882,1,0.0,[-0.00166158 -0.00168593],[ 0.01247319 -0.00037605],[5.424847  5.7443857],0.1,95.44870543129457,16.377428246827176,22.54228198353644,0.21879289584693695,44.214596293877875,1,0,[0.00084509 0.00122988],[ 0.0048982  -0.00532819],[5.2979236 5.4161224],0.1
16.0,105.68453513969911,0.1704626482719061,52.806640307216696,1,0.2703405933639924,[-0.00207227  0.00075816],[0.00336711 0.00589196],[5.546083  5.3358846],0.1,179.18535771752966,81.54758018564911,16.498236346328312,284.86989285722876,0.2507202298737061,39.23730268350585,1,0.0,[-0.00049833 -0.00168246],[ 0.0108116  -0.00206198],[5.435659 5.742324],0.1,99.26706209682123,16.338501029911992,24.136954954049997,0.21514272670373288,44.863515252669714,1,0,[-0.00055388  0.00050025],[ 0.0057433  -0.00409831],[5.303667 5.412024],0.1
16.0,106.74528309408032,0.1644384569573868,53.87760765202013,1,0.2881174345793315,[ 0.00020506 -0.00193392],[0.00129484 0.00665013],[5.5473776 5.3425345],0.1,176.0144440940669,81.14685178203246,16.437435761865363,282.7597271881472,0.2446202088293835,40.17018973765146,1,0.0,[-0.00280473 -0.0012776 ],[ 0.01031327 -0.00374444],[5.4459724 5.7385793],0.1,102.83870412390064,16.303608733737146,25.598431312047865,0.2119473404085369,45.43158392737122,1,0,[-0.00016783 -0.00019894],[ 0.00518942 -0.00359806],[5.3088565 5.408426 ],0.1
16.0,107.7439966776459,0.16037863617893225,54.59935356818983,1,0.30476450747418043,[7.3617883e-05 1.0431204e-04],[0.0014999  0.00471621],[5.5488777 5.347251 ],0.1,173.520487642597,80.61281857026506,16.38796918760143,281.2644843202429,0.23814486349646233,41.17746567832808,1,0.0,[-0.001894    0.00142502],[ 0.00750854 -0.00502204],[5.453481 5.733557],0.1,105.86669378713793,16.269001266810193,27.131178107380833,0.20913405128174284,45.931724216579056,1,0,[ 0.0002136  -0.00056509],[ 0.00502159 -0.003797  ],[5.313878  5.4046288],0.1
16.0,108.83200870661778,0.15629534916094656,55.40759683447735,1,0.3227944974521966,[ 0.00123919 -0.00023245],[0.00157352 0.00482052],[5.5504513 5.3520713],0.1,171.25396875755501,79.96151242113393,16.351336402159266,280.0859774641728,0.23356953203442885,41.889183905755516,1,0.0,[-0.00183122 -0.00110725],[ 0.00561454 -0.00359702],[5.459096 5.72996 ],0.1,108.78451882131105,16.23184046509191,28.870496285483853,0.20655932879820557,46.389452658096786,1,0,[0.00078229 0.00037697],[ 0.0052352  -0.00436209],[5.3191133 5.4002666],0.1
16.0,110.38463715285502,0.15291694733866226,56.08327719893422,1,0.3483207192516119,[4.12021065e-05 1.82359889e-03],[0.00281271 0.00458808],[5.553264  5.3566594],0.1,168.97327379018736,79.71162348511103,16.321476622045374,279.3579109430424,0.22829365013523242,42.70987664563051,1,0.0,[-0.00340476  0.00025446],[ 0.00378332 -0.00470427],[5.462879  5.7252555],0.1,111.3151027247016,16.191878518637104,30.673013667743987,0.20331421518519224,46.966361744854716,1,0,[-0.00112004  0.00102029],[ 0.00601748 -0.00398513],[5.325131  5.3962817],0.1
16.0,112.28542801752144,0.1479824039845394,57.07018586975879,1,0.379220839529491,[ 0.00028222 -0.00100021],[0.00285391 0.00641167],[5.556118 5.363071],0.1,167.1620657581987,80.17083049149062,16.30944292916285,279.44749377572015,0.2238417362406392,43.40239658478946,1,0.0,[0.00050541 0.00131429],[ 0.00037856 -0.00444981],[5.463258  5.7208056],0.1,112.66710375031067,16.160099474246017,32.11459752603082,0.200677891188219,47.43504156653885,1,0,[-0.00075641 -0.00046826],[ 0.00489745 -0.00296484],[5.3300285 5.3933167],0.1
16.0,114.25358384849386,0.1442493875383797,57.81678915899073,1,0.41077588248578095,[-0.00016129 -0.00099868],[0.00313613 0.00541146],[5.559254  5.3684826],0.1,165.1010946859875,80.66823517565479,16.297823811662848,279.35467853448137,0.22060376330932274,43.90608126299424,1,0.0,[-0.00119154  0.00050861],[ 0.00088397 -0.00313552],[5.464142 5.71767 ],0.1,114.23067013835771,16.13074964143133,33.585348672839075,0.1990613762051498,47.72242200797337,1,0,[ 0.00029404 -0.00033087],[ 0.00414104 -0.00343309],[5.3341694 5.3898835],0.1
16.0,116.0858851441078,0.14152062652987382,58.3625413606919,1,0.43971792677871346,[-0.00119268  0.00288491],[0.00297484 0.00441279],[5.562229  5.3728952],0.1,163.46072115816196,80.87910670467517,16.2933936186279,279.54660630226977,0.21806301830865643,44.344352300683305,1,0.0,[-0.00029749  0.00035181],[-0.00030757 -0.00262691],[5.4638343 5.715043 ],0.1,115.66017213716287,16.09907992674095,35.20677843943264,0.19752802929525573,47.99501701417676,1,0,[-0.00060194 -0.00089003],[ 0.00443508 -0.00376396],[5.3386045 5.3861194],0.1
16.0,118.11487839715772,0.1358351798752671,59.49963069161324,1,0.47124093341007084,[ 0.00131231 -0.0002603 ],[0.00178217 0.00729769],[5.564011  5.3801928],0.1,161.69019227831143,81.16062299513652,16.291265914858638,279.80507067546915,0.2159220882657131,44.724962086095445,1,0.0,[-0.00038867 -0.00259104],[-0.00060506 -0.00227511],[5.463229 5.712768],0.1,117.14918472655205,16.06795017522429,36.954255402021204,0.19717075737689496,48.05853202188534,1,0,[ 8.97719990e-04 -9.15985089e-05],[ 0.00383314 -0.00465399],[5.3424377 5.3814654],0.1
16.0,120.75548680364682,0.13122604715968325,60.42145723473002,1,0.5113753828874072,[-0.00045636 -0.00156332],[0.00309448 0.00703739],[5.567106 5.38723 ],0.1,159.53980731942704,81.86444997362531,16.285170242229096,280.29529412307386,0.21130400831057952,45.545954078119195,1,0.0,[-0.00171163  0.00116911],[-0.00099374 -0.00486615],[5.4622355 5.707902 ],0.1,118.59574270694765,16.03220352806109,38.891036830021505,0.1963554286248385,48.203479355584264,1,0,[-0.00236293  0.00156858],[ 0.00473086 -0.00474559],[5.3471684 5.37672  ],0.1
16.0,123.02451195691134,0.12797136540125162,61.07239358641635,1,0.5449977804701907,[-0.00193343  0.00127004],[0.00263812 0.00547408],[5.569744 5.392704],0.1,158.1853255715855,82.97911751337011,16.290388733129316,281.20983752849685,0.2081766741824284,46.10192458979051,1,0.0,[ 0.00019411 -0.00104661],[-0.00270536 -0.00369703],[5.45953  5.704205],0.1,118.83555691504438,16.012155215934808,40.04539444354123,0.19654698241267674,48.16942534885747,1,0,[-0.00056857 -0.00100068],[ 0.00236793 -0.00317702],[5.3495364 5.373543 ],0.1
16.0,125.01588338171103,0.12277526320851477,62.11161402496372,1,0.5738034974325373,[0.00033996 0.00148152],[0.00070469 0.00674411],[5.570449 5.399448],0.1,157.14460836329408,83.70929933800818,16.29218997400924,282.1604917450051,0.20403983222378896,46.8373631602153,1,0.0,[-0.00097929  0.0004102 ],[-0.00251125 -0.00474364],[5.457019  5.6994615],0.1,119.14609229869774,16.0,41.306584043702856,0.19790510647919785,47.92798107036483,1,0,[ 3.76929669e-04 -5.41236252e-05],[ 0.00179936 -0.0041777 ],[5.351336 5.369365],0.1
16.0,127.75260019106435,0.11677134563283154,63.31239754010036,1,0.612253162395415,[-1.41662639e-04  7.61117321e-05],[0.00104465 0.00822564],[5.5714936 5.4076734],0.1,155.64338675913768,85.1177874619845,16.2998504955778,283.39598695020203,0.20058547194492993,47.45147165423468,1,0.0,[ 0.00011721 -0.00077086],[-0.00349055 -0.00433344],[5.4535284 5.695128 ],0.1,119.23882577887781,16.0,42.63481272907984,0.1991172536294917,47.71248824364592,1,0,[8.96464102e-05 1.38703557e-03],[ 0.00217629 -0.00423182],[5.3535123 5.3651333],0.1
16.0,130.74853794937144,0.11091201477344159,64.48426371197836,1,0.6527404210120036,[ 0.00190423 -0.00065607],[0.00090298 0.00830175],[5.5723968 5.415975 ],0.1,153.94946054645425,87.07134729336752,16.305098425486626,284.6979984958257,0.19645248918804054,48.18622414434835,1,0.0,[-0.00046389 -0.00067792],[-0.00337334 -0.00510429],[5.4501553 5.690024 ],0.1,118.97919216017823,16.0,43.677190656003916,0.19941009680651664,47.66042723439705,1,0,[ 0.00033091 -0.00211931],[ 0.00226593 -0.00284479],[5.355778  5.3622885],0.1
16.0,134.55572703417346,0.10718872725005278,65.22892121665612,1,0.701602654478861,[ 0.00103078 -0.00159753],[0.00280722 0.00764568],[5.575204  5.4236207],0.1,151.68861793293667,89.34402360901566,16.311067064928178,286.2443449671101,0.19190302630330183,48.99501754607967,1,0.0,[-0.00132484  0.0023328 ],[-0.00383723 -0.00578221],[5.446318 5.684242],0.1,118.96735845804767,16.0,45.21170342515779,0.2010320616163479,47.372077934871484,1,0,[-0.00046035  0.00115406],[ 0.00259684 -0.00496409],[5.358375  5.3573246],0.1
16.0,138.33748925490477,0.10580214675261548,65.50623731614357,1,0.7470732899214126,[-0.00022356 -0.00020113],[0.00383799 0.00604815],[5.579042 5.429669],0.1,149.6914865213961,91.93587427703858,16.329092506066495,288.02897577630085,0.1901275731448449,49.31065366313869,1,0.0,[-0.00066027  0.00144975],[-0.00516207 -0.00344942],[5.441156  5.6807923],0.1,118.37263920156533,16.0,46.40161497786619,0.2022743560007725,47.15122559986266,1,0,[-4.87171346e-05 -1.95869757e-04],[ 0.00213649 -0.00381003],[5.360512  5.3535147],0.1
16.0,142.0405373418401,0.10483453339641852,65.69975998738298,1,0.7884461430457237,[ 9.11229057e-05 -9.50847566e-04],[0.00361443 0.00584702],[5.5826564 5.435516 ],0.1,147.84367899217528,94.43705823598839,16.35379234617305,289.8842163340154,0.1901275265190673,49.310661952165816,1,0.0,[-0.00083338 -0.00019303],[-0.00582234 -0.00199967],[5.4353337 5.6787925],0.1,117.71926277183633,16.0,47.603479105851704,0.2037806294620836,46.88344365118513,1,0,[ 0.00038671 -0.00072761],[ 0.00208777 -0.0040059 ],[5.3625994 5.349509 ],0.1
16.0,145.39510885275536,0.10492425663618174,65.68181533943032,1,0.8230878906319556,[-0.0013076  -0.00013829],[0.00370555 0.00489617],[5.586362 5.440412],0.1,146.59678587452407,96.39331312098886,16.38221882080632,291.99189472727943,0.19045832959145667,49.251852517074376,1,0.0,[ 0.00069859 -0.00047145],[-0.00665572 -0.0021927 ],[5.428678 5.6766  ],0.1,117.00990100448706,16.0,49.00179573176649,0.2056692737407405,46.547684668312804,1,0,[-0.00066896  0.00077297],[ 0.00247448 -0.00473351],[5.3650737 5.344775 ],0.1
16.0,148.2949334763847,0.104329558343312,65.80075499800428,1,0.850764639943424,[ 0.00045413 -0.00056516],[0.00239795 0.00475788],[5.58876 5.44517],0.1,145.6604722179734,98.1994562241639,16.405991797127474,293.9554056943581,0.1903306380652697,49.274553232840944,1,0.0,[-0.00062629  0.00149079],[-0.00595712 -0.00266415],[5.422721 5.673936],0.1,116.14007155786271,16.0,50.0954772522208,0.20751192468192733,46.22010227876848,1,0,[-8.62876186e-05 -1.98914018e-04],[ 0.00180553 -0.00396054],[5.366879  5.3408146],0.1
16.0,151.06895721515053,0.1046750394879614,65.73165876907439,1,0.8752025567007633,[0.0003307  0.00030008],[0.00285208 0.00419272],[5.591612  5.4493628],0.1,144.8239020020215,99.88363279749302,16.43638785071779,295.89285921717203,0.19204096154550818,48.97049572524299,1,0.0,[ 5.94644807e-05 -8.74279067e-04],[-0.00658342 -0.00117337],[5.4161377 5.6727624],0.1,115.29246520048548,16.0,51.18532441765751,0.20963756277298293,45.842211062580816,1,0,[-0.00019445  0.00047523],[ 0.00171924 -0.00415946],[5.3685985 5.336655 ],0.1
16.0,154.04396227853374,0.10542939916213834,65.58078683423899,1,0.8991301379593332,[-0.00024459 -0.00176846],[0.00318278 0.0044928 ],[5.5947948 5.4538555],0.1,143.8553896307639,101.91151662984873,16.464409850864815,297.89935190929765,0.19316640858386408,48.7704162517575,1,0.0,[0.00079242 0.00010732],[-0.00652395 -0.00204765],[5.4096136 5.670715 ],0.1,114.23309373938736,16.0,52.13244564868501,0.21158116533160137,45.49668171882642,1,0,[-0.00205976  0.00176224],[ 0.00152478 -0.00368422],[5.3701234 5.332971 ],0.1
16.0,156.0456298631466,0.10694422419012131,65.27782182864242,1,0.9138690894491389,[ 0.00031701 -0.00181121],[0.00293819 0.00272435],[5.597733  5.4565797],0.1,143.61609725837633,103.70982354285042,16.488671585317068,299.6617271215229,0.19422546697361406,48.58213920469083,1,0.0,[ 8.61203298e-06 -1.05959112e-03],[-0.00573154 -0.00194033],[5.403882  5.6687746],0.1,112.67407919877326,16.0,52.33580632029617,0.21342831111497582,45.16830024622652,1,0,[ 0.00099589 -0.00082933],[-0.00053498 -0.00192198],[5.3695884 5.331049 ],0.1
16.0,157.17321581379213,0.10956967720733773,64.75273122519913,1,0.9216818980895968,[-0.00191638 -0.00073318],[0.0032552  0.00091314],[5.6009884 5.457493 ],0.1,144.39057029335487,104.2929585248823,16.5103619976253,301.563786107147,0.1945581544124521,48.52299477111963,1,0.0,[0.00013235 0.00073395],[-0.00572292 -0.00299992],[5.398159 5.665775],0.1,111.31647118176284,16.0,52.88025728890983,0.21533426927198365,44.82946324053624,1,0,[1.65204890e-03 2.54712068e-05],[ 0.00046091 -0.00275132],[5.3700495 5.3282976],0.1
16.0,157.52771137350214,0.11073615053245796,64.51943656017508,1,0.9240645110899403,[-9.52960923e-04 -3.75129515e-05],[0.00133882 0.00017996],[5.6023273 5.4576726],0.1,145.77868816389866,103.76519458730854,16.53309208362812,303.3063995374008,0.19564423326946703,48.329914085428086,1,0.0,[ 0.00103184 -0.00085456],[-0.00559058 -0.00226596],[5.3925686 5.663509 ],0.1,110.4561172487928,16.0,53.7625167861936,0.21625853852035679,44.66514870749213,1,0,[-0.00084422  0.00143678],[ 0.00211296 -0.00272585],[5.3721623 5.3255715],0.1
16.0,157.6717784985732,0.11103847272784394,64.45897212109789,1,0.9250227019466906,[-0.00164957 -0.0022445 ],[0.00038586 0.00014245],[5.602713 5.457815],0.1,147.25258671351423,103.43689519099513,16.548584649426903,304.9243652120874,0.19561752402704488,48.33466239519203,1,0.0,[0.00059308 0.00085139],[-0.00455874 -0.00312053],[5.38801   5.6603885],0.1,109.31051809549064,16.0,54.23488330757806,0.21655541579883641,44.612370524651304,1,0,[ 0.00110801 -0.00054564],[ 0.00126874 -0.00128907],[5.373431  5.3242826],0.1
16.0,156.4168211022204,0.1106946846390493,64.5277297388568,1,0.9164802259865504,[-0.00097242  0.00079517],[-0.00126371 -0.00210206],[5.6014495 5.4557133],0.1,149.83742862237415,101.38840910661054,16.563099387022785,306.25424972459456,0.1960801783877999,48.2524127310578,1,0.0,[-0.00021414  0.00029882],[-0.00396566 -0.00226914],[5.384044 5.658119],0.1,108.77416227101531,16.0,55.02841199560987,0.21667603445795466,44.59092720747473,1,0,[-5.31587983e-04  9.41776438e-05],[ 0.00237675 -0.00183471],[5.375808 5.322448],0.1
16.0,155.31868781466085,0.1091880617774593,64.82905431117481,1,0.9086444223521761,[-0.00075177  0.00093329],[-0.00223613 -0.00130689],[5.599213  5.4544063],0.1,152.25479968937077,99.62778200664286,16.579383218175657,307.5734875040316,0.1970154534306572,48.08614161232761,1,0.0,[-4.43368219e-05  9.59132425e-04],[-0.0041798  -0.00197033],[5.379864 5.656149],0.1,108.11741830398637,16.0,55.69090580801799,0.21705903172208196,44.52283880496321,1,0,[ 0.00022044 -0.00052331],[ 0.00184516 -0.00174053],[5.377653  5.3207073],0.1
16.0,154.466051061881,0.1066408714232763,65.33849238201141,1,0.9023300391676049,[0.00205009 0.00131459],[-0.0029879 -0.0003736],[5.5962253 5.454033 ],0.1,154.25002411835288,97.9905033944865,16.598163155368173,308.7160751802339,0.19882929010649153,47.76368175884595,1,0.0,[0.00017314 0.00016939],[-0.00422413 -0.0010112 ],[5.37564   5.6551375],0.1,107.75947248716062,16.0,56.475547667394494,0.21778523291971275,44.39373636982885,1,0,[0.00050942 0.00166809],[ 0.0020656  -0.00226384],[5.379719  5.3184433],0.1
16.0,154.7077702143921,0.10538995125881434,65.5886764149038,1,0.9041404978359122,[9.41777509e-04 8.33591912e-05],[-0.00093782  0.00094099],[5.5952873 5.4549737],0.1,155.06082329489163,97.578203946614,16.6164712956027,309.76859350928373,0.2007403584616778,47.423936273479505,1,0.0,[0.00101208 0.00026   ],[-0.004051   -0.00084181],[5.3715887 5.654296 ],0.1,107.36097275849437,16.0,57.1295662677781,0.21687374832586231,44.55577807540226,1,0,[ 0.00019641 -0.00048102],[ 0.00257502 -0.00059575],[5.3822937 5.3178477],0.1
16.0,155.21418780843203,0.1049599059937429,65.67468546791808,1,0.9078813170906729,[ 1.01016872e-03 -6.35175034e-05],[3.9614970e-06 1.0243468e-03],[5.595291 5.455998],0.1,155.3215411627553,97.31320163922112,16.63031784786182,310.5357289711873,0.20225527919955139,47.15461703119087,1,0.0,[0.00131908 0.00041818],[-0.00303891 -0.00058181],[5.36855  5.653714],0.1,107.36525719802358,16.0,57.90098616921091,0.21629353068746981,44.65892787778315,1,0,[ 0.00065446 -0.00115049],[ 0.00277143 -0.00107677],[5.385065 5.316771],0.1
16.0,155.9189623445152,0.10548588422029503,65.56948982260766,1,0.9129692663872253,[-0.00035281  0.00122727],[0.00101413 0.00096083],[5.5963054 5.456959 ],0.1,155.01521493721117,96.93609122014982,16.638549493532615,310.93417728172636,0.20325372652815965,46.97711528388273,1,0.0,[-0.00074015 -0.00010792],[-0.00171983 -0.00016363],[5.36683   5.6535506],0.1,108.04869384263901,16.0,58.982871124365374,0.21639836664094364,44.64029037494335,1,0,[-0.00098439  0.00068363],[ 0.00342589 -0.00222726],[5.388491  5.3145437],0.1
16.0,157.15383908822787,0.1052212852539561,65.62240961587545,1,0.9215506466700615,[ 0.00083404 -0.00077356],[0.00066132 0.0021881 ],[5.5969667 5.459147 ],0.1,154.35036624914795,97.4066697846485,16.650231657675995,311.5042053373758,0.20467065632729933,46.725216652924566,1,0.0,[0.00143763 0.00060313],[-0.00245998 -0.00027156],[5.36437   5.6532793],0.1,108.24296396620355,16.0,59.74716930357937,0.21648240311964106,44.62535055650825,1,0,[-0.00061644 -0.00137441],[ 0.0024415  -0.00154363],[5.3909326 5.313    ],0.1
16.0,158.17156573877799,0.10606695561163064,65.45327554434054,1,0.9283014132873496,[-0.00075987  0.00046727],[0.00149536 0.00141454],[5.598462  5.4605613],0.1,153.48480603898292,97.62403736591278,16.656150064412138,311.6563717777609,0.20559704899717737,46.560524622724024,1,0.0,[ 5.97594539e-05 -1.44157736e-03],[-0.00102235  0.00033158],[5.3633475 5.6536107],0.1,108.89115659510429,16.0,60.5475283728652,0.2181050991067486,44.336871269911356,1,0,[ 0.00143008 -0.00023966],[ 0.00182507 -0.00291804],[5.3927574 5.310082 ],0.1
16.0,159.26283205158825,0.10606912543580566,65.45284157950553,1,0.9352145338027511,[ 0.00014601 -0.00040181],[0.00073549 0.00188181],[5.5991974 5.462443 ],0.1,152.79997966426617,97.56897114465755,16.658315175277682,312.0628117158544,0.20541272187417178,46.59329388903613,1,0.0,[0.0001386  0.00044565],[-0.00096259 -0.00111   ],[5.362385  5.6525006],0.1,109.63104919107627,16.0,61.693860906930695,0.21929785811251165,44.124825224442375,1,0,[-0.00085184  0.00077812],[ 0.00325515 -0.0031577 ],[5.396013  5.3069243],0.1
16.0,160.17651566159816,0.1063831270777438,65.3900412511179,1,0.9407418483543278,[0.00152873 0.00099606],[0.0008815 0.00148  ],[5.600079 5.463923],0.1,152.18096216310715,97.63878999544534,16.6608517700349,312.3574778247053,0.20547432214568231,46.58234272965648,1,0.0,[0.00167985 0.00095502],[-0.00082399 -0.00066435],[5.361561  5.6518364],0.1,110.18024784144751,16.0,62.537725666152824,0.22027706764431212,43.956900588662556,1,0,[-0.00094717  0.00144244],[ 0.00240331 -0.00237957],[5.398416 5.304545],0.1
16.0,161.8484542012675,0.10785687738365782,65.09529118993511,1,0.9502358488553446,[ 0.00054905 -0.00044536],[0.00241024 0.00247606],[5.6024895 5.466399 ],0.1,150.2776031912639,98.86256793099233,16.657259942573642,312.1260573925314,0.2051142542756705,46.64635479543636,1,0.0,[0.00219866 0.00024698],[0.00085586 0.00029067],[5.3624167 5.6521273],0.1,110.85982887774378,16.0,62.98588627027516,0.2204436360412554,43.93098994913805,1,0,[-0.00162065  0.00052169],[ 0.00145615 -0.00093713],[5.3998723 5.303608 ],0.1
16.0,163.3329930054647,0.11007313650352822,64.65203936596103,1,0.9579878087327465,[0.0006996  0.00085489],[0.00295929 0.0020307 ],[5.6054487 5.46843  ],0.1,148.0535341753813,100.33619044554973,16.64323911772389,311.386527180846,0.20348119959871944,46.93667562689433,1,0.0,[-0.00114308 -0.00278533],[0.00305452 0.00053765],[5.3654714 5.652665 ],0.1,111.61027537906898,16.0,62.996802559914954,0.22088837256976732,43.861808711369534,1,0,[-0.00077245  0.00086592],[-0.00016451 -0.00041545],[5.399708  5.3031926],0.1
16.0,165.27036586579084,0.11281500418328097,64.10366583001048,1,0.9671363764432466,[-0.00136733 -0.00350905],[0.00365889 0.00288559],[5.6091075 5.471316 ],0.1,146.13098091095577,102.543148112663,16.628271293819815,311.4013467767466,0.20053089626743864,47.4611739968998,1,0.0,[0.00087228 0.00131018],[ 0.00191144 -0.00224768],[5.367383  5.6504173],0.1,111.32587097638122,16.0,62.72721775312783,0.22091476077027383,43.85770388017963,1,0,[ 0.00136586 -0.00237437],[-0.00093696  0.00045048],[5.398771 5.303643],0.1
16.0,165.2603847593116,0.11518983278442912,63.628700109780844,1,0.9670920691850393,[ 0.00066864 -0.00057201],[ 0.00229156 -0.00062346],[5.611399  5.4706926],0.1,145.71610576083867,102.20791700773964,16.612072241511186,310.97649052015026,0.19799216079438692,47.91250474766455,1,0.0,[-0.00056456  0.00068655],[ 0.00278372 -0.00093749],[5.370167 5.64948 ],0.1,112.07597723142169,16.0,63.05246775157195,0.2224320655861804,43.62167868659416,1,0,[-0.00127605  0.00049425],[ 0.00042891 -0.00192389],[5.3991995 5.301719 ],0.1
16.0,165.0653264598144,0.11835745898447149,62.99517486977237,1,0.9662202939799616,[-0.00145503 -0.0010467 ],[ 0.0029602  -0.00119547],[5.6143594 5.469497 ],0.1,145.4702578910871,102.04034399070383,16.60034801527576,310.5355843509015,0.19635337456193083,48.203844522323415,1,0.0,[-0.00188052 -0.00015671],[ 0.00221916 -0.00025095],[5.372386 5.649229],0.1,112.48939811820907,16.0,63.02498246911057,0.22409042309450514,43.36371196307698,1,0,[-0.00040569 -0.0011272 ],[-0.00084714 -0.00142964],[5.398352  5.3002896],0.1
16.0,164.21901883800604,0.12040294272006682,62.5860781226533,1,0.9623083215875093,[-0.00067558 -0.00116548],[ 0.00150517 -0.00224216],[5.6158648 5.467255 ],0.1,146.3188089508909,101.18307859045126,16.597674281862705,310.53782778889695,0.19582349159317305,48.298045938991464,1,0.0,[ 0.00051644 -0.00060683],[ 0.00033863 -0.00040766],[5.3727245 5.6488214],0.1,112.49811245865783,16.0,63.03594024755478,0.22693726442206683,42.920869978789604,1,0,[-0.00011332  0.00241915],[-0.00125283 -0.00255684],[5.3970995 5.297733 ],0.1
16.0,162.78682978444203,0.12216623136874628,62.23342039291742,1,0.955210364361553,[-0.00108657  0.00073467],[ 0.00082959 -0.00340765],[5.6166945 5.4638476],0.1,147.75387125304047,100.04157954190288,16.5909575073295,310.5407010374825,0.19449664888723028,48.53392908671462,1,0.0,[-7.70509103e-04 -7.93481246e-05],[ 0.00085507 -0.00101449],[5.3735795 5.6478066],0.1,112.20454920505665,16.0,62.74525024253916,0.2276824701580657,42.80494908652311,1,0,[ 0.00173225 -0.00089933],[-0.00136615 -0.00013769],[5.3957334 5.297595 ],0.1
16.0,161.5592792529319,0.12273995552042297,62.11867556258207,1,0.9486514367423918,[0.00051921 0.00083997],[-0.00025698 -0.00267297],[5.6164374 5.4611745],0.1,149.17284823865072,98.61325073486029,16.587912386293056,310.7321274915826,0.19361159418124121,48.69127214555712,1,0.0,[-0.00028999 -0.00152541],[ 8.4558094e-05 -1.0938408e-03],[5.373664 5.646713],0.1,112.213901026489,16.0,62.946028518071614,0.22843814612612662,42.68739949149142,1,0,[0.00013074 0.00123153],[ 0.0003661  -0.00103703],[5.3960996 5.296558 ],0.1
16.0,160.79153194802655,0.12357965227165457,61.950736212335755,1,0.9443277549497165,[-1.25971427e-03  6.70335256e-05],[ 0.00026223 -0.001833  ],[5.6166997 5.4593415],0.1,150.49777708522555,97.75655698382354,16.58265830044012,311.2893090332521,0.1917699685509246,49.01867225761341,1,0.0,[-0.00034897  0.0005056 ],[-0.00020543 -0.00261925],[5.3734584 5.6440935],0.1,111.7456659309509,16.0,63.034974964203,0.22803917065467222,42.74946234260654,1,0,[ 0.00174952 -0.00110449],[0.00049685 0.00019451],[5.3965964 5.2967525],0.1
16.0,159.86345373513825,0.12323490336461136,62.01968599374439,1,0.9388748568242294,[ 0.00025988 -0.00027755],[-0.00099749 -0.00176597],[5.615702  5.4575753],0.1,151.97054452982906,96.2212427151,16.580359462931277,311.8339982649673,0.1905562163869193,49.234450420103244,1,0.0,[0.00107161 0.00159484],[-0.0005544  -0.00211365],[5.372904  5.6419797],0.1,111.80821275507094,16.0,63.642211020038246,0.2278442479557279,42.779783651331215,1,0,[-0.00068095 -0.00036973],[ 0.00224636 -0.00090999],[5.398843  5.2958426],0.1
16.0,158.85346898303715,0.12326504655900762,62.013657354865146,1,0.9326608667885669,[-8.71475437e-05  1.18774008e-03],[-0.00073761 -0.00204352],[5.6149645 5.4555316],0.1,152.96862028372334,94.7166247740102,16.57652125775652,311.8220892667605,0.18982460208933824,49.36451518411765,1,0.0,[ 0.00019696 -0.00114158],[ 0.00051721 -0.0005188 ],[5.373421 5.641461],0.1,112.31475494226646,16.0,64.13684420902695,0.2283045102553353,42.70818729361451,1,0,[-0.00144325  0.0004912 ],[ 0.00156541 -0.00127972],[5.4004083 5.294563 ],0.1
16.0,158.3421865871751,0.12280933569341386,62.1047995279839,1,0.9294045622859499,[-0.00062437 -0.00045164],[-0.00082476 -0.00085578],[5.6141396 5.4546757],0.1,153.65499002958597,94.091760452129,16.568952188623523,311.99717661676107,0.1881118475482828,49.66900488030528,1,0.0,[8.97793565e-05 5.25980396e-04],[ 0.00071417 -0.00166038],[5.3741355 5.6398005],0.1,112.25324951828503,16.0,64.2504261350461,0.22896140264202217,42.60600403346322,1,0,[ 0.00127208 -0.0016278 ],[ 0.00012216 -0.00078852],[5.4005303 5.293774 ],0.1
16.0,157.52000885287998,0.12195762883156953,62.27514090035276,1,0.9240131170196686,[0.0002352  0.00069685],[-0.00144912 -0.00130742],[5.6126904 5.453368 ],0.1,154.52673448365812,92.69660289109459,16.562197714844473,312.0467433365381,0.18673094339764165,49.914498951530376,1,0.0,[-0.00085563 -0.00032599],[ 0.00080395 -0.0011344 ],[5.3749394 5.638666 ],0.1,112.7766626252473,16.0,64.8234059617854,0.2305434204896935,42.359912368269896,1,0,[-0.00049579  0.00167797],[ 0.00139424 -0.00241631],[5.4019246 5.291358 ],0.1
16.0,157.03344139431647,0.12107359181751924,62.45194830316282,1,0.9207327517318329,[0.00165171 0.00112463],[-0.00121392 -0.00061057],[5.6114764 5.452758 ],0.1,155.32693934862237,91.93028919285553,16.558941101139485,312.36038074293884,0.1856836115918023,50.10069127256848,1,0.0,[-1.22773852e-03 -5.55905979e-05],[-5.1672105e-05 -1.4603859e-03],[5.374888  5.6372056],0.1,112.7427714585221,16.0,65.10315220146094,0.23083202127516672,42.315018912751846,1,0,[-0.00047598  0.00126197],[ 0.00089845 -0.00073835],[5.402823 5.29062 ],0.1
16.0,157.33773150547404,0.12127776899666996,62.411112867332676,1,0.9227920235777467,[-0.0006274   0.00139268],[0.00043779 0.00051406],[5.611914 5.453272],0.1,155.63033526545019,92.1940551324235,16.561695708509074,312.9680667709242,0.18543595397694915,50.14471929298682,1,0.0,[-0.00145812 -0.00018926],[-0.00127941 -0.00151598],[5.3736086 5.6356897],0.1,112.17560960212631,16.0,65.14367637305054,0.2301793110580027,42.41655161319958,1,0,[-0.00214457 -0.00025126],[0.00042247 0.00052362],[5.4032454 5.2911434],0.1
16.0,158.140473316299,0.12037974042047835,62.59071858257099,1,0.9280994982064346,[0.00117764 0.00084046],[-0.00018962  0.00190673],[5.6117244 5.4551787],0.1,155.80228070366752,93.41331341017593,16.571286562812976,313.9427540199665,0.18608101778717112,50.0300412822807,1,0.0,[-0.0003017  -0.00061797],[-0.00273753 -0.00170523],[5.370871  5.6339846],0.1,110.78440588615655,16.0,64.72715990612306,0.23066212760971727,42.3414468162662,1,0,[0.0010432  0.00065271],[-0.00172209  0.00027236],[5.4015236 5.2914157],0.1
16.0,159.52998976237518,0.1203092678968775,62.60481308729117,1,0.9368553665115349,[-7.87808932e-04  3.50845978e-05],[0.00098802 0.00274719],[5.6127124 5.457926 ],0.1,155.58008854847026,95.05404647803647,16.580884757954294,315.11007831084544,0.18655611997600205,49.945578670932974,1,0.0,[0.00228342 0.00015034],[-0.00303923 -0.00232321],[5.3678317 5.6316614],0.1,109.36586497349327,16.0,64.47594328433871,0.23011770977502166,42.426134034996636,1,0,[0.00051885 0.00214388],[-0.0006789   0.00092508],[5.4008446 5.2923408],0.1
16.0,160.81289332312372,0.11955382799932973,62.75590106680072,1,0.9444503514964159,[-5.61518176e-04 -7.41034281e-05],[0.00020022 0.00278227],[5.6129127 5.460708 ],0.1,154.93720345116498,96.7065298249396,16.57941141882915,315.7500967742887,0.1855695945056561,50.12096097677225,1,0.0,[-0.00028064 -0.00014151],[-0.00075581 -0.00217287],[5.367076  5.6294885],0.1,108.35626672389543,16.0,64.10636349818412,0.22742206639669763,42.845456338291484,1,0,[ 0.00071005 -0.00102981],[-0.00016004  0.00306896],[5.4006844 5.2954097],0.1
16.0,161.99364840371652,0.11834761157237494,62.99714435219168,1,0.9510222539806883,[-6.64151972e-05  9.89174843e-04],[-0.0003613   0.00270817],[5.612551 5.463416],0.1,154.49511936445987,97.9879235828044,16.578992580119888,316.4887677681764,0.18471241576173605,50.273348309024705,1,0.0,[ 0.00108832 -0.00022642],[-0.00103645 -0.00231437],[5.3660393 5.627174 ],0.1,107.51695705273573,16.0,64.00572482091212,0.2253480609231049,43.168079411961465,1,0,[0.00014669 0.00133383],[0.00055001 0.00203915],[5.401234  5.2974486],0.1
16.0,163.65326437741714,0.11684690449552272,63.29728576756213,1,0.9595760355309977,[0.00209724 0.00112828],[-0.00042772  0.00369735],[5.6121235 5.4671135],0.1,153.40139368996813,99.86747217151571,16.572575974513597,317.0546580673853,0.18293445677354134,50.58942990692599,1,0.0,[-0.00019904  0.00126522],[ 5.1870826e-05 -2.5407984e-03],[5.3660913 5.6246333],0.1,106.73113413851615,16.0,63.78579220590143,0.2220124525340185,43.686951828041565,1,0,[ 0.00100292 -0.00108742],[0.00069669 0.00337298],[5.401931 5.300822],0.1
16.0,166.14744623562046,0.11720169830212637,63.2263270062414,1,0.9709150798942598,[-0.00050191 -0.00095021],[0.00166953 0.00482563],[5.613793 5.471939],0.1,151.23244086914525,102.22702243225046,16.570218741819218,317.3798871047657,0.18217622164764638,50.724227262640646,1,0.0,[-0.00095895  0.00092517],[-0.00014717 -0.00127558],[5.365944 5.623358],0.1,106.54053669860428,16.0,63.92042380337,0.2192119473129204,44.140098255480815,1,0,[ 0.00086385 -0.00166759],[0.00169961 0.00228556],[5.4036303 5.3031073],0.1
16.0,168.1192591268408,0.11747723942939846,63.17121878078698,1,0.9785782423009738,[0.00075922 0.0005833 ],[0.00116761 0.00387542],[5.6149607 5.4758143],0.1,149.5763307630839,103.66395356887881,16.574896951965098,317.6955898899247,0.18275573055321775,50.62120345720574,1,0.0,[ 5.58163505e-05 -5.95256500e-04],[-0.00110612 -0.00035041],[5.3648376 5.6230073],0.1,106.7597156680373,16.0,64.45530555796199,0.21753941269277294,44.43743774350703,1,0,[ 1.69245303e-03 -4.16504685e-05],[0.00256346 0.00061797],[5.4061937 5.3037252],0.1
16.0,170.42063535936074,0.11854049384010318,62.95856789864604,1,0.9860560357134792,[-0.00118094 -0.00129276],[0.00192683 0.00445872],[5.6168876 5.4802732],0.1,147.71551641275,105.00921862552838,16.577850535640344,318.13615177211074,0.1829016120688231,50.59526896554256,1,0.0,[0.00163354 0.00062433],[-0.00105031 -0.00094566],[5.363787  5.6220617],0.1,107.27526496172163,16.0,65.41141673383237,0.21521408095608524,44.85083005225152,1,0,[-0.00077067  0.000125  ],[0.00425591 0.00057632],[5.4104495 5.3043017],0.1
16.0,171.98627167098311,0.11879339663453169,62.907987339760325,1,0.9902346938089439,[-0.00029731 -0.00039431],[0.00074589 0.00316596],[5.6176333 5.483439 ],0.1,146.10277449078382,105.80138319178559,16.574156131971964,318.08904616176693,0.18225288392111338,50.71059841402429,1,0.0,[0.00047154 0.00116051],[ 0.00058324 -0.00032134],[5.3643703 5.6217403],0.1,108.0958423174306,16.0,66.18488847919753,0.2131454896103986,45.21857962481803,1,0,[ 0.00065453 -0.00042759],[0.00348524 0.00070132],[5.4139347 5.305003 ],0.1
16.0,173.33938146798403,0.1188844443500148,62.88977779666371,1,0.9932506069602903,[ 0.00029414 -0.00107086],[0.00044859 0.00277165],[5.618082 5.486211],0.1,144.3313212357241,106.15721459179866,16.5709230735637,317.6707027037081,0.18203338474230468,50.74962049025695,1,0.0,[-0.0020528  -0.00025978],[0.00105477 0.00083917],[5.365425  5.6225796],0.1,109.51146417247725,16.0,67.18216687618536,0.21125545425558798,45.554585910117694,1,0,[-0.00104742 -0.00057232],[0.00413977 0.00027373],[5.4180746 5.305277 ],0.1
16.0,174.19117096443983,0.11943825937254628,62.77901479215742,1,0.9948651246719549,[ 4.03175177e-04 -7.84576405e-05],[0.00074273 0.00170079],[5.618825  5.4879117],0.1,143.55577941137125,106.20108349314165,16.577316676891353,317.7469503758111,0.18316150380202556,50.54906599075102,1,0.0,[-0.00038378  0.00015865],[-0.00099802  0.00057939],[5.364427 5.623159],0.1,110.2431370954871,16.0,67.99008747129818,0.2103523093880105,45.71514499768703,1,0,[-0.00248841 -0.00043362],[ 0.00309235 -0.0002986 ],[5.421167  5.3049784],0.1
16.0,175.01421228870856,0.12042645770219017,62.58137512622863,1,0.9962162865332687,[0.00032172 0.00070874],[0.0011459  0.00162233],[5.619971 5.489534],0.1,142.85150480076607,106.79728324482738,16.58601391297738,317.86571708947463,0.1846810719148074,50.27892054847869,1,0.0,[ 0.00056188 -0.0010759 ],[-0.0013818   0.00073803],[5.363045 5.623897],0.1,110.35121195440655,16.0,68.21692904388118,0.21080658732816288,45.63438447499327,1,0,[ 0.00124777 -0.00044492],[ 0.00060394 -0.00073222],[5.421771 5.304246],0.1
16.0,176.1676338069351,0.12171066398792732,62.32453386908121,1,0.9977638711873804,[-5.44549315e-05 -1.73608512e-03],[0.00146762 0.00233107],[5.6214385 5.491865 ],0.1,141.94595322557882,107.36580040973223,16.589289387954178,318.1135870325139,0.18506385357382368,50.21087047576468,1,0.0,[0.00057186 0.00119172],[-0.00081992 -0.00033787],[5.3622255 5.623559 ],0.1,110.68824636468895,16.0,68.80183339720287,0.2112237377274907,45.56022440400166,1,0,[-0.00061755 -0.00121721],[ 0.00185171 -0.00117714],[5.4236226 5.3030686],0.1
16.0,176.48800855857587,0.12308299850986074,62.050066964694516,1,0.9981219997045547,[-0.00067872 -0.0023585 ],[0.00141316 0.00059499],[5.622852  5.4924603],0.1,141.48058386153286,107.14384760423894,16.59260149538774,317.96859242010873,0.18581923234888864,50.076580915753134,1,0.0,[0.00050112 0.00088623],[-0.00024806  0.00085385],[5.3619776 5.624413 ],0.1,111.3755685342282,16.0,69.34416095433693,0.21301924938761804,45.24102233109012,1,0,[-0.00067575  0.00012237],[ 0.00123417 -0.00239435],[5.4248567 5.3006744],0.1
16.0,175.69511267058988,0.12393583375351905,61.87949991596285,1,0.9971787342126838,[-0.00135873  0.00051638],[ 0.00073445 -0.00176351],[5.623586 5.490697],0.1,141.8250680374822,105.99804031032573,16.595557270969966,317.5201807080721,0.18680186309363297,49.90189100557636,1,0.0,[-0.0010836  -0.00178453],[0.00025306 0.00174008],[5.362231 5.626153],0.1,112.17689165219207,16.0,69.69707236026414,0.21495242554145613,44.8973465704078,1,0,[-0.00087814  0.00049829],[ 0.00055842 -0.00227198],[5.425415  5.2984023],0.1
16.0,175.09608659208868,0.12341375902026817,61.983914862613034,1,0.9963394597327342,[ 0.00089822 -0.00188028],[-0.00062428 -0.00124713],[5.622962 5.48945 ],0.1,142.60561725034137,105.31562928795069,16.59960149118053,317.70170384243005,0.18738547269398387,49.79813818773621,1,0.0,[-0.00091764 -0.0005063 ],[-8.3054521e-04 -4.4450164e-05],[5.3614    5.6261086],0.1,112.07875346170795,16.0,69.780457304138,0.21672730318287892,44.581812767488195,1,0,[ 0.00073232 -0.00087144],[-0.00031973 -0.00177369],[5.425095  5.2966285],0.1
16.0,173.6668160786851,0.12399239910264216,61.86818684613824,1,0.9938972340766845,[-1.02789141e-05 -3.58804967e-04],[ 0.00027394 -0.00312741],[5.6232357 5.4863224],0.1,144.51677547858304,103.54603753049014,16.607001729216716,318.18359155726813,0.18831445862227722,49.632985133817385,1,0.0,[-0.00037972 -0.00052023],[-0.00174818 -0.00055075],[5.359652 5.625558],0.1,111.93718699092682,16.0,70.12077854819495,0.21907062959826742,44.16522140475246,1,0,[0.00055458 0.00032759],[ 0.00041259 -0.00264513],[5.4255075 5.2939835],0.1
16.0,172.08780334867402,0.12468638506387851,61.72938965389096,1,0.9904801827389926,[-0.00028911  0.00139735],[ 0.00026366 -0.00348622],[5.6234994 5.4828362],0.1,146.7672142291466,101.52680923174017,16.61503523609489,318.8550175778206,0.18919943961604907,49.475655179369056,1,0.0,[ 0.00030426 -0.00097882],[-0.00212791 -0.00107098],[5.357524 5.624487],0.1,111.70597653911324,16.0,70.56099411693384,0.2209276609295829,43.85569718873155,1,0,[ 1.76351983e-05 -3.39304097e-05],[ 0.00096717 -0.00231755],[5.4264746 5.291666 ],0.1
16.0,171.13748522430046,0.12496610742885961,61.673445180894745,1,0.9880608721371996,[-5.58359548e-05  8.83931480e-04],[-2.5452377e-05 -2.0888676e-03],[5.623474 5.480747],0.1,148.54817110041859,100.13651507191184,16.619161480979063,319.68565632471905,0.18924367042896006,49.46779192374044,1,0.0,[-1.16282119e-04  8.97963531e-05],[-0.00182364 -0.0020498 ],[5.3557005 5.622437 ],0.1,111.31531382766957,16.0,71.00097015238862,0.22282378185302124,43.56074504508558,1,0,[-0.00302077  0.00019045],[ 0.00098481 -0.00235148],[5.4274592 5.2893147],0.1
16.0,170.58637147402487,0.12507744108495908,61.65117844967486,1,0.9865332845516124,[-0.00081958  0.00188209],[-8.1288330e-05 -1.2049361e-03],[5.623393  5.4795423],0.1,149.930699345785,99.89575789429801,16.62407913084944,320.5170708198099,0.1894747551320083,49.42671019875409,1,0.0,[0.00035718 0.0014072 ],[-0.00193993 -0.00196   ],[5.3537607 5.620477 ],0.1,110.17354275991698,16.0,70.69061357972686,0.22553324766734364,43.13927258507987,1,0,[-0.00040729  0.00153389],[-0.00203596 -0.00216103],[5.425423  5.2871537],0.1
16.0,170.8267980413102,0.12407916985698482,61.8508326952697,1,0.9872109357775033,[ 0.00154592 -0.00030995],[-0.00090086  0.00067716],[5.6224923 5.4802194],0.1,150.12156865867905,100.66600299113907,16.63063490386465,320.94836669998926,0.19035023413888147,49.27106948642108,1,0.0,[0.00147373 0.00091478],[-0.00158274 -0.0005528 ],[5.352178  5.6199245],0.1,109.21242835018188,16.0,70.16079505017115,0.22694264623599117,42.92003280773471,1,0,[-0.00028751  0.00018433],[-0.00244326 -0.00062713],[5.42298   5.2865267],0.1
16.0,171.04067000094062,0.12465841480933434,61.734983704799795,1,0.9877991329217364,[-0.00040337 -0.00016102],[0.00064505 0.00036721],[5.6231375 5.4805865],0.1,149.84390989648085,101.48683472680767,16.632061919312267,320.8845798974215,0.19066316797142302,49.21543680508036,1,0.0,[-3.31471302e-04 -1.56651251e-05],[-0.00010902  0.00036198],[5.352069  5.6202865],0.1,108.66925537671148,16.0,69.55383527413295,0.22829894544625826,42.709052930582054,1,0,[-0.00277001  0.00118088],[-0.00273076 -0.00044281],[5.420249  5.2860837],0.1
16.0,171.15131503443547,0.12486537435645369,61.69359179537593,1,0.9880980306602566,[-0.00151679  0.00041942],[0.00024168 0.00020618],[5.623379  5.4807925],0.1,149.73607246510107,102.94821670812894,16.63510516875069,320.88738749953654,0.1912234195657986,49.115836521635806,1,0.0,[-0.00122888  0.0005853 ],[-0.00044049  0.00034631],[5.3516283 5.6206326],0.1,107.31571082676999,16.0,68.20309832630653,0.22959267793504928,42.50780565454789,1,0,[0.00239074 0.00150996],[-0.00550077  0.00073807],[5.414748 5.286822],0.1
16.0,171.34709214872214,0.12350997375595262,61.964671915476146,1,0.9886178761522694,[ 1.30256405e-03 -7.56627414e-05],[-0.00127511  0.0006256 ],[5.622104 5.481418],0.1,149.6382661750838,104.07659938558606,16.645710264760563,320.98535832380594,0.1931067922034545,48.78101471938587,1,0.0,[0.0011543  0.00102241],[-0.00166936  0.00093161],[5.349959  5.6215644],0.1,106.28513443933014,16.0,67.27049276313608,0.2286906394847454,42.64812274681738,1,0,[0.00255852 0.0003004 ],[-0.00311003  0.00224803],[5.4116383 5.2890697],0.1
16.0,171.6012785554667,0.12345581495383054,61.975503675900555,1,0.9892755925598362,[ 0.00136874 -0.00121548],[2.7454458e-05 5.4993707e-04],[5.622132 5.481968],0.1,149.03275523830308,104.70847351917354,16.65304039231013,320.6340337937698,0.1947407177736987,48.49053906245357,1,0.0,[-0.00096167 -0.00044653],[-0.00051507  0.00195402],[5.349444  5.6235185],0.1,106.25877124252338,16.0,66.89280503629317,0.2265584072669829,42.97980331402488,1,0,[ 0.00057282 -0.00034731],[-0.00055151  0.00254843],[5.4110866 5.291618 ],0.1
16.0,171.3927971854796,0.12493507564657098,61.67965153735247,1,0.9887375747230146,[-0.00108749 -0.00172721],[ 0.00139619 -0.00066555],[5.623528  5.4813023],0.1,149.17468810211773,104.71538950797014,16.664083985085945,320.5674852875973,0.19683857880118297,48.11758599090081,1,0.0,[0.00057371 0.00099277],[-0.00147674  0.00150748],[5.347967  5.6250257],0.1,106.10992238991213,16.0,66.67740767750945,0.22452708023131707,43.295787519572905,1,0,[ 0.00225518 -0.0013018 ],[2.1307380e-05 2.2011125e-03],[5.411108 5.293819],0.1
16.0,170.33473313055595,0.12561963434243356,61.54273979817995,1,0.9858054274892372,[-0.00031586  0.00125558],[ 0.00030871 -0.00239275],[5.6238365 5.4789095],0.1,149.84219919357884,103.21131987389492,16.6746760853963,320.1769323241348,0.19912871671068152,47.710450362545515,1,0.0,[-0.00095154 -0.00025446],[-0.00090303  0.00250025],[5.347064 5.627526],0.1,106.94648093252624,16.0,67.12341325666102,0.22280674622240343,43.56339503207058,1,0,[-1.12913679e-03 -3.41405161e-05],[0.00227649 0.00089931],[5.4133844 5.2947183],0.1
16.0,169.82360129011,0.1258085254630302,61.50496157406063,1,0.9842684692540928,[-0.00162142  0.0008807 ],[-7.1496179e-06 -1.1371735e-03],[5.6238294 5.477772 ],0.1,150.20092206763246,102.51379930103667,16.689399031360526,320.02452335774245,0.20199199230487538,47.20142359024438,1,0.0,[-1.16623007e-05 -8.53686593e-04],[-0.00185457  0.00224579],[5.3452096 5.6297717],0.1,107.28527863133087,16.0,67.30980198907332,0.22156497335867417,43.756559699761794,1,0,[-0.00018618  0.00118056],[0.00114735 0.00086517],[5.4145317 5.2955832],0.1
16.0,169.57449768576737,0.12425224312735358,61.81621804119595,1,0.9834910244324244,[0.00122484 0.00055732],[-0.00162857 -0.00025647],[5.622201  5.4775157],0.1,150.48715919097106,102.23914354926308,16.702105264874508,320.0616568767384,0.20431648012371917,46.78818131133882,1,0.0,[0.00189808 0.00084787],[-0.00186623  0.0013921 ],[5.3433433 5.6311636],0.1,107.27369725976587,16.0,67.3353541365043,0.21930686606439143,44.12322381077486,1,0,[0.00015615 0.0001062 ],[0.00096117 0.00204573],[5.415493 5.297629],0.1
16.0,169.67762573573987,0.12380078317251572,61.906510032163524,1,0.9838151398333729,[-0.00027265  0.00082874],[-0.00040373  0.00030084],[5.621797  5.4778166],0.1,149.8999721595235,102.28898316291043,16.707385312640415,319.57759789526335,0.20573743971996772,46.535566272005745,1,0.0,[-4.94473381e-05 -7.91676342e-04],[3.1849486e-05 2.2399742e-03],[5.343375 5.633404],0.1,107.81104467756609,16.0,67.38864257282944,0.2168906675919968,44.55277020586723,1,0,[ 0.00146672 -0.00201153],[0.00111732 0.00215194],[5.4166102 5.299781 ],0.1
16.0,170.13911460679697,0.12293714545722781,62.0792375752211,1,0.9852264689207206,[-0.00010897 -0.00012044],[-0.00067638  0.00112959],[5.621121 5.478946],0.1,149.13604880533023,102.13139144677916,16.71098713176294,319.2751634121272,0.2066927593538485,46.36573167042694,1,0.0,[ 0.00026375 -0.00097419],[-1.7597853e-05  1.4482979e-03],[5.3433576 5.634852 ],0.1,108.7325597478906,16.0,68.0077231600178,0.2157803646494578,44.75015739565195,1,0,[ 0.0003747  -0.00157622],[0.00258404 0.00014041],[5.419194 5.299921],0.1
16.0,170.54283224687742,0.12199362977541041,62.267940711584586,1,0.9864087095366714,[-0.00057479  0.00041803],[-0.00078535  0.00100914],[5.6203356 5.479955 ],0.1,148.5883459311786,101.66484077880261,16.71090681960493,319.131178178056,0.20681617937072,46.34379033409423,1,0.0,[ 0.00077031 -0.0008057 ],[0.00024615 0.0004741 ],[5.3436036 5.635326 ],0.1,109.74681329001879,16.0,68.87799146807481,0.2160285600750187,44.70603376444112,1,0,[-0.00217457  0.00254586],[ 0.00295874 -0.00143582],[5.422153  5.2984853],0.1
16.0,171.1063259908808,0.12042349813942708,62.58196703878125,1,0.9879769412238047,[ 0.00136678 -0.00101608],[-0.00136015  0.00142717],[5.6189756 5.4813824],0.1,147.9094446455602,102.1398264770067,16.705021727895144,319.015770636441,0.2058309755127688,46.518937686618884,1,0.0,[-0.0015934   0.00090095],[ 0.00101646 -0.00033159],[5.34462   5.6349945],0.1,109.95072887743311,16.0,68.96649951387411,0.2147106581200494,44.94032744532455,1,0,[1.85403433e-03 3.93521041e-05],[0.00078417 0.00111004],[5.4229374 5.2995954],0.1
16.0,171.3001205993263,0.12036723578037666,62.59321951059133,1,0.988494205188636,[-0.00041401 -0.00087471],[6.635906e-06 4.110916e-04],[5.6189823 5.4817934],0.1,147.70140278434025,101.78137384685772,16.709286183158806,319.00152338366655,0.20663993779787018,46.37512216926753,1,0.0,[0.00060752 0.00159688],[-0.00057694  0.00056936],[5.3440433 5.635564 ],0.1,110.51722336880204,16.0,69.51874675246859,0.21270099295875658,45.29760125177661,1,0,[-0.00135888 -0.00076429],[0.0026382  0.00114939],[5.4255757 5.3007445],0.1
16.0,171.05203254713865,0.12003593373510872,62.65947991964493,1,0.9878299975742151,[-0.00110737  0.00095768],[-0.00040737 -0.00046362],[5.618575 5.48133 ],0.1,147.49370664613105,101.24567133667824,16.714383114230838,318.5457391932697,0.20804464627451474,46.12539621786405,1,0.0,[ 0.00028519 -0.00098248],[3.0573283e-05 2.1662342e-03],[5.344074 5.63773 ],0.1,111.26062201719071,16.0,69.80636121046041,0.21189508621095143,45.44087356249752,1,0,[ 0.00061945 -0.00141147],[0.00127932 0.0003851 ],[5.426855 5.30113 ],0.1
16.0,171.1740919153126,0.11846289136524453,62.974088393617755,1,0.9881591030716956,[-6.02263026e-04 -2.51017977e-05],[-0.00151474  0.00049406],[5.61706  5.481824],0.1,147.07050381808324,100.79094594217571,16.71567170052455,318.24459573339584,0.2085947657262023,46.0275972042307,1,0.0,[-0.00092708  0.00064107],[0.00031576 0.00118375],[5.3443894 5.638914 ],0.1,112.13855023974105,16.0,70.38314597313689,0.21221347382192904,45.38427132054595,1,0,[-0.00027781  0.00018068],[ 0.00189877 -0.00102636],[5.428754  5.3001037],0.1
16.0,171.24224626748003,0.11629896705735862,63.406873255194945,1,0.9883409148393211,[0.00238793 0.00090949],[-0.00211701  0.00046896],[5.614943  5.4822927],0.1,146.74233069950878,100.37082199431507,16.723144736625756,317.9845769669888,0.2102682277875644,45.73009283776633,1,0.0,[-0.00046123  0.00015026],[-0.00061132  0.00182482],[5.343778 5.640739],0.1,112.88684730617615,16.0,70.87142427316496,0.21247386199016127,45.337980090638,1,0,[-0.00108318 -0.00043104],[ 0.00162096 -0.00084569],[5.4303746 5.2992578],0.1
16.0,171.93341604696343,0.1163652274567683,63.39362117531301,1,0.99010566575828,[-0.00172179  0.00030946],[0.00027092 0.00137845],[5.615214 5.483671],0.1,145.84894035138967,100.81336689188396,16.73328484619516,317.7823563983531,0.21238827878746563,45.35319488222833,1,0.0,[0.001267   0.00077365],[-0.00107255  0.00197508],[5.3427057 5.642714 ],0.1,113.33769275672637,16.0,71.12004915507947,0.21350562946594265,45.15455476161019,1,0,[-0.00020245 -0.00080164],[ 0.00053778 -0.00127672],[5.4309125 5.2979813],0.1
16.0,172.6665802008829,0.11470109223661268,63.72644821934413,1,0.991820158914511,[ 0.00135958 -0.00158332],[-0.00145087  0.00168791],[5.613763 5.485359],0.1,144.53596247506465,101.28321372228811,16.738953301346005,317.20254267594754,0.21410232279605607,45.04847594736781,1,0.0,[-0.00097987 -0.0004911 ],[0.00019444 0.00274873],[5.3429003 5.645463 ],0.1,114.18082380264724,16.0,71.38336647859478,0.21536613762000498,44.82379775644356,1,0,[9.69390385e-05 3.23393522e-04],[ 0.00033532 -0.00207836],[5.4312477 5.2959027],0.1
16.0,172.71255179730292,0.11459746877947304,63.747172910772065,1,0.9919222548563789,[-0.00069785 -0.00072943],[-9.12966207e-05  1.04598934e-04],[5.613672  5.4854636],0.1,144.1923678319328,101.07293257055602,16.748332555953517,316.90491962923574,0.21621548418570316,44.67280281143055,1,0.0,[ 0.00036696 -0.00062333],[-0.00078543  0.00225763],[5.342115 5.647721],0.1,114.73469959751117,16.0,71.6396192267469,0.2168931849801268,44.55232267019968,1,0,[-0.00137612  0.00017816],[ 0.00043226 -0.00175497],[5.43168  5.294148],0.1
16.0,172.3504951590088,0.11389618795433686,63.8874290757993,1,0.9911008977842083,[-0.00048921  0.00074284],[-0.00078915 -0.00062483],[5.6128826 5.484839 ],0.1,144.31558535010913,100.81538993529193,16.754369082000995,316.66608050911793,0.217639541140576,44.41963713056427,1,0.0,[1.53929209e-03 6.86791725e-05],[-0.00041847  0.0016343 ],[5.3416963 5.649355 ],0.1,114.86902471459894,16.0,71.53510522371687,0.21868742203995034,44.23334719289772,1,0,[-0.00025592 -0.0009823 ],[-0.00094385 -0.00157681],[5.4307365 5.292571 ],0.1
16.0,172.32330542709803,0.11261349896959982,64.1439668727467,1,0.9910376174771671,[ 2.40958296e-05 -5.11147967e-04],[-0.00127836  0.000118  ],[5.611604  5.4849567],0.1,143.8150558206031,100.87289222903149,16.752861052393918,316.13836124770114,0.21800191273786607,44.355215513268256,1,0.0,[0.00063353 0.00054098],[0.00112082 0.00170297],[5.3428173 5.6510577],0.1,115.3120519503654,16.0,71.45041319806654,0.2214950771120236,43.76743244924078,1,0,[ 0.00055296 -0.00140826],[-0.00119977 -0.00255911],[5.429537 5.290012],0.1
16.0,172.03693136513937,0.11142453522847874,64.38175962097093,1,0.9903575703703834,[-0.0013375   0.00095609],[-0.00125427 -0.00039315],[5.61035  5.484564],0.1,143.35774553054694,100.42156693016148,16.749478795252045,315.3946768956863,0.21831034466159127,44.300383171272664,1,0.0,[ 0.00037684 -0.00176432],[0.00175436 0.00224396],[5.3445716 5.6533017],0.1,116.22068753929159,16.0,71.61536443497789,0.2254628879448153,43.15021743080651,1,0,[-0.0002956   0.00037312],[-0.00064681 -0.00396737],[5.42889   5.2860446],0.1
16.0,172.14158200181953,0.10878008102070046,64.91065046252658,1,0.9906089517729386,[4.59117815e-05 1.08452858e-03],[-0.00259176  0.00056294],[5.6077585 5.485127 ],0.1,142.76811368018377,100.46633582193391,16.739959940774934,314.9096956820033,0.21713779865265354,44.50883579508381,1,0.0,[-0.00052691 -0.00116751],[0.00213119 0.00047964],[5.3467026 5.6537814],0.1,116.76555049788232,16.0,71.67524617988562,0.22917113004313883,42.573379771067295,1,0,[-0.00064301  0.00317333],[-0.00094241 -0.00359425],[5.427948 5.28245 ],0.1
16.0,172.8353252344997,0.10604067675288545,65.45853131608958,1,0.9921917859052328,[ 0.00217148 -0.00100771],[-0.00254585  0.00164747],[5.6052127 5.4867744],0.1,141.90149667347123,101.50192937001725,16.730271769159586,314.7368219079709,0.21551900332227913,44.79662163159482,1,0.0,[-0.00079793  0.00076587],[ 0.00160428 -0.00068786],[5.3483067 5.6530933],0.1,116.59657395651152,16.0,71.33339586448244,0.2300734010823774,42.433026498296854,1,0,[ 0.00085971 -0.0006985 ],[-0.00158542 -0.00042092],[5.4263625 5.282029 ],0.1
16.0,173.15451374432348,0.10559110959273882,65.54844474811891,1,0.9928711960809329,[-0.00102653 -0.00158052],[-0.00037437  0.00063976],[5.6048384 5.4874144],0.1,141.41500573965885,101.90264745338197,16.726421036497662,314.56951948398233,0.21500793238672675,44.88747868680413,1,0.0,[0.00028916 0.00016766],[8.063582e-04 7.800845e-05],[5.349113  5.6531715],0.1,116.68234680695917,16.0,71.2518662909415,0.23136663684344047,42.23185649102037,1,0,[-0.00033678  0.00089281],[-0.00072571 -0.00111943],[5.425637  5.2809095],0.1
16.0,172.54974693615088,0.10431809619142816,65.80304742838103,1,0.991557816740085,[-0.00032868  0.00103798],[-0.0014009  -0.00094076],[5.6034374 5.4864736],0.1,141.76521425258642,101.52842983253834,16.721524739364934,314.3149611887373,0.21441634363334267,44.99265002073908,1,0.0,[ 0.0004405  -0.00103501],[0.00109551 0.00024567],[5.3502083 5.653417 ],0.1,116.70635591487525,16.0,71.02131710361255,0.23192445657108945,42.14508453338609,1,0,[-9.75799747e-05 -5.47144422e-04],[-0.00106249 -0.00022661],[5.4245744 5.280683 ],0.1
16.0,172.47837138900957,0.1025906749139564,66.14853168387539,1,0.9913955183407771,[-0.00050727 -0.00031413],[-1.7295810e-03  9.7218785e-05],[5.601708 5.486571],0.1,141.68912644872347,101.66490916799819,16.711935161055724,314.16749783773304,0.21277941450625906,45.283659643331724,1,0.0,[-9.21672210e-05 -1.48889944e-03],[ 0.00153602 -0.00078934],[5.351744 5.652628],0.1,116.64596438327834,16.0,70.81346222101138,0.23303512492570536,41.97231390044583,1,0,[0.00055588 0.00125759],[-0.00116007 -0.00077376],[5.423414 5.279909],0.1
16.0,172.18853349045366,0.10040276359458666,66.58611394774934,1,0.9907206600982864,[-0.00053706  0.00036279],[-0.00223685 -0.00021691],[5.599471 5.486354],0.1,142.12940283330107,101.55466841233823,16.699227515738595,314.31793632375474,0.21013985713602523,45.75291428692885,1,0.0,[0.00018162 0.00207774],[ 0.00144385 -0.00227824],[5.353188  5.6503496],0.1,116.3159287543607,16.0,70.63386507811543,0.23277771426872465,42.01235555819839,1,0,[0.00184866 0.00068939],[-0.00060419  0.00048383],[5.42281  5.280393],0.1
16.0,172.05213262078632,0.09763518571104852,100.0,0,0.9903942904459607,[0.00225417 0.00232538],[-0.00277391  0.00014588],[5.5966973 5.4865   ],0.1,141.98514053267735,101.22374229003492,16.690604502707096,314.0372731534637,0.208863409221178,68.96975754101919,1,0.0,[ 0.00040804 -0.00096913],[ 0.00162547 -0.0002005 ],[5.3548136 5.6501493],0.1,116.79111717728773,16.0,70.8283903307514,0.2312597029510967,63.372735978077436,1,0,[-0.00061705  0.00018767],[0.00124447 0.00117322],[5.4240546 5.281566 ],0.1
16.0,173.45841586147833,0.09680785194427306,100.0,0,0.9934894333548091,[ 0.0004269  -0.00111015],[-0.00051974  0.00247126],[5.5961776 5.488971 ],0.1,140.39889881152925,102.59366846616251,16.67760683006439,313.8573146730076,0.20660987319548207,69.57070048120478,1,0.0,[-0.00011151  0.00118054],[ 0.00203351 -0.00116963],[5.3568473 5.6489797],0.1,117.00743272230824,16.0,70.86474739531582,0.22976825620186417,63.72074021956503,1,0,[ 0.00047824 -0.00027778],[0.00062743 0.00136089],[5.424682 5.282927],0.1
16.0,174.25433094926098,0.09656975261182528,100.0,0,0.99497608855629,[0.00233361 0.00044705],[-9.2846982e-05  1.3611073e-03],[5.5960846 5.490332 ],0.1,139.21403711230414,103.2165510313414,16.6680055570077,313.4683680615651,0.20529073477648882,69.92247072626965,1,0.0,[ 0.00126475 -0.00029624],[1.922000e-03 1.091382e-05],[5.3587694 5.6489906],0.1,117.56941185635446,16.0,71.03777991791958,0.22838375775833225,64.04378985638914,1,0,[-0.00073646  0.00111664],[0.00110567 0.00108312],[5.425788 5.28401 ],0.1
16.0,175.42973424378408,0.09863888826364907,100.0,0,0.9968203642983914,[ 0.0006149  -0.00149569],[0.00224076 0.00180815],[5.5983253 5.4921403],0.1,137.4409374291476,104.48459696958798,16.651357174266114,312.8706716729317,0.20290252204854559,70.55932745372118,1,0.0,[ 0.00062272 -0.00061381],[ 0.00318675 -0.00028533],[5.361956  5.6487055],0.1,118.07446560126442,16.0,70.9451372741961,0.22618384396722124,64.55710307431504,1,0,[-0.00069835  0.00066761],[0.00036921 0.00219976],[5.426157  5.2862096],0.1
16.0,175.73404648353085,0.10146212993043718,66.37424068057923,1,0.9972295115705494,[-0.00140297 -0.00130575],[0.00285566 0.00031247],[5.601181  5.4924526],0.1,136.5110166890476,105.10848267284479,16.630112827777218,312.24506317257845,0.19966357942992868,47.61536365690157,1,0.0,[-0.00138767 -0.00058727],[ 0.00380947 -0.00089914],[5.3657656 5.647806 ],0.1,118.3805006381076,16.0,70.62556381068606,0.22358462086048392,43.44239231059139,1,0,[0.00191391 0.00040971],[-0.00032914  0.00286736],[5.425828 5.289077],0.1
16.0,175.24309959307595,0.1029882168758985,66.06902329148697,1,0.9965555222788085,[-0.00068938 -0.00052163],[ 0.00145268 -0.00099329],[5.6026335 5.4914594],0.1,136.77107778474766,104.51125299288674,16.61441099447298,312.0141773778236,0.1969366839942549,48.10014506768802,1,0.0,[-0.00112465 -0.00113133],[ 0.00242181 -0.00148641],[5.3681874 5.64632  ],0.1,118.7176692223656,16.0,70.73184660018921,0.21996747807754458,44.00578167510319,1,0,[-0.00029392 -0.0027975 ],[0.00158477 0.00327708],[5.427413 5.292354],0.1
16.0,174.44534572422788,0.10388470201746801,65.88972626317306,1,0.9953043185340363,[-0.0008344  -0.00111386],[ 0.0007633  -0.00151492],[5.603397  5.4899445],0.1,137.80156099491091,103.43623974173966,16.601625906562624,312.2469067191388,0.1941251887384037,48.59996644650601,1,0.0,[-0.00094879  0.00083355],[ 0.00129715 -0.00261774],[5.3694844 5.643702 ],0.1,118.76219926334943,16.0,71.00910598248822,0.21909126545206362,44.161552808522025,1,0,[-0.00037208 -0.00080618],[0.00129086 0.00047958],[5.428704 5.292834],0.1
16.0,173.0013510175595,0.10410150149525199,65.84636636761628,1,0.9925490250085179,[0.00080965 0.00142778],[-7.1093789e-05 -2.6287758e-03],[5.603326  5.4873157],0.1,139.52571589521307,101.73724281731432,16.595590909832403,312.52706691277257,0.19257228505704937,48.87603821208012,1,0.0,[-0.00175588  0.00050935],[ 0.00034836 -0.00178419],[5.369833  5.6419177],0.1,118.73704128747261,16.0,71.26410820024518,0.21910327518553843,44.15941774479317,1,0,[ 0.00075284 -0.0002312 ],[ 0.00091877 -0.0003266 ],[5.4296227 5.292507 ],0.1
16.0,172.3998193535066,0.10498676031796357,65.66931460307396,1,0.9912151232586042,[-0.00155518  0.00099467],[ 0.00073855 -0.00120099],[5.6040645 5.4861145],0.1,140.69226800235737,100.67483245728852,16.599572452135675,313.09208735586395,0.19259344868559314,48.87227578922789,1,0.0,[0.00104585 0.00041322],[-0.00140752 -0.00127484],[5.3684254 5.6406426],0.1,118.63289954035412,16.0,71.72498689621807,0.21910170963129713,44.15969606554717,1,0,[-0.00147876  0.00027959],[ 0.00167161 -0.00055781],[5.4312944 5.2919493],0.1
16.0,172.22789080055372,0.10420489078045721,65.82568851057522,1,0.9908137875660354,[ 0.00137261 -0.00076908],[-0.00081663 -0.00020633],[5.6032476 5.485908 ],0.1,141.1183439170601,100.4323376839053,16.599307976051783,313.3462347176138,0.19221304561564792,48.93990300166259,1,0.0,[-0.00127615  0.00019561],[-0.00036167 -0.00086162],[5.368064 5.639781],0.1,118.44931839903461,16.0,71.79555311664842,0.2193054421147587,44.12347695737623,1,0,[-0.00173655 -0.00077977],[ 0.00019285 -0.00027822],[5.431487  5.2916713],0.1
16.0,171.74093619541873,0.10489149847711332,65.68836697124401,1,0.9896286748749615,[ 0.00036694 -0.00023538],[ 0.00055598 -0.0009754 ],[5.6038036 5.4849324],0.1,142.0950136650702,100.24009621398886,16.605903533954407,313.83594986048894,0.19285994717660293,48.824898279715036,1,0.0,[ 0.0006218  -0.00153405],[-0.00163782 -0.00066601],[5.366426 5.639115],0.1,117.66489012094092,16.0,71.50083998142986,0.22079571392234118,43.87622227874693,1,0,[-0.00018168 -0.00112891],[-0.0015437  -0.00105799],[5.4299436 5.290613 ],0.1
16.0,171.16489866614722,0.10598435170637974,65.46979632539072,1,0.9881344716998622,[ 0.00049451 -0.00056668],[ 0.00092292 -0.00121079],[5.604727  5.4837217],0.1,143.3445560626949,99.90568905561139,16.605685647443046,314.5094547288421,0.1919899775992447,48.97955953791206,1,0.0,[-0.00075581  0.00046404],[-0.00101602 -0.00220006],[5.36541   5.6369147],0.1,116.74975488169372,16.0,71.25920961053583,0.22341887052459203,43.46817569617457,1,0,[0.00061412 0.00078771],[-0.00172538 -0.00218689],[5.4282184 5.2884264],0.1
16.0,170.34599341498847,0.10766919589996109,65.13282748667446,1,0.9858384040668052,[-0.00159351 -0.00127001],[ 0.00141744 -0.00177747],[5.6061444 5.481944 ],0.1,144.90372864596594,99.24017375076681,16.61036197107381,315.2497220609544,0.19201005290913697,48.97599059393121,1,0.0,[0.00163371 0.00029945],[-0.00177183 -0.00173602],[5.363638  5.6351786],0.1,115.85609760326724,16.0,71.10581966422166,0.22510150276573365,43.2064329031081,1,0,[-0.0017071  -0.00038226],[-0.00111126 -0.00139918],[5.4271073 5.2870274],0.1
16.0,168.73702813937643,0.10804938918277522,65.05678883011163,1,0.980741086490935,[-0.00019525 -0.00090406],[-0.00017607 -0.00304747],[5.6059685 5.4788966],0.1,146.84779939737138,98.157057012591,16.607583179590726,315.5848275367478,0.19110005713742892,49.13776762001264,1,0.0,[-0.00056309 -0.00030873],[-0.00013812 -0.00143657],[5.3634996 5.633742 ],0.1,114.99514359003763,16.0,70.57997112678544,0.22770928587004213,42.800777753549,1,0,[0.00291383 0.00193715],[-0.00281836 -0.00178144],[5.4242887 5.285246 ],0.1
16.0,166.65229414687246,0.10852870616801413,64.96092543306385,1,0.9729869904841679,[-0.00070458  0.00187617],[-0.00037132 -0.00395153],[5.605597 5.474945],0.1,149.4554249246837,96.06272940229769,16.606872543413346,316.1077190715562,0.1903876068775187,49.26442544399668,1,0.0,[-0.00162784  0.00134137],[-0.00070121 -0.00174531],[5.362798  5.6319966],0.1,114.4818456730186,16.0,70.58956474457477,0.2275305256757559,42.82858489488241,1,0,[ 0.00084455 -0.0007617 ],[9.5462892e-05 1.5570235e-04],[5.424384 5.285402],0.1
16.0,165.4490997759632,0.1079849092490696,65.06968481685276,1,0.9679248266586002,[-0.00023788 -0.00065642],[-0.0010759  -0.00207536],[5.6045213 5.47287  ],0.1,151.2279179027995,94.58591338741422,16.617542188083192,316.6770176787627,0.19179535114415205,49.014159796595195,1,0.0,[-3.52010084e-04 -9.18476610e-05],[-0.00232905 -0.00040394],[5.3604693 5.6315928],0.1,114.18616870978627,16.0,70.86318638854897,0.22779239432925213,42.78784977100523,1,0,[-8.94162338e-05  6.69284491e-04],[ 0.00094002 -0.00060599],[5.425324  5.2847958],0.1
16.0,163.86280899379165,0.10744087186581558,65.17849229350355,1,0.9605989452942842,[0.00074485 0.00234375],[-0.00131377 -0.00273177],[5.6032076 5.470138 ],0.1,153.46604464345438,92.80241584609018,16.629748326980845,317.328853637246,0.19341822544512385,48.72564880975577,1,0.0,[0.00070713 0.00262758],[-0.00268106 -0.00049579],[5.357788 5.631097],0.1,113.73153951045543,16.0,71.06039314770146,0.22745495360356197,42.84034055055703,1,0,[-0.00202349 -0.00024383],[8.5059961e-04 6.3291576e-05],[5.4261746 5.284859 ],0.1
16.0,163.5785008260766,0.10700361689769239,65.2659432871282,1,0.9592079636354602,[0.00046518 0.00213225],[-0.00056892 -0.00038802],[5.6026387 5.46975  ],0.1,153.6833738251026,92.78217555046865,16.64478146227003,317.2618746511792,0.1963148385752637,48.21069536439757,1,0.0,[ 0.00127586 -0.00118072],[-0.00197392  0.00213179],[5.355814 5.633229],0.1,113.53445062442876,16.0,70.79632527560796,0.22800904096585323,42.754149183089496,1,0,[ 0.00154273 -0.00051737],[-0.00117289 -0.00018054],[5.4250016 5.2846785],0.1
16.0,164.4634801899066,0.10642349370997457,65.38196792467176,1,0.9634599221578276,[-0.00066158  0.00048719],[-0.00010373  0.00174424],[5.602535 5.471494],0.1,152.73313222816182,93.52198794848181,16.650574925721507,317.1966124180684,0.1974732794417504,48.0047503214666,1,0.0,[ 0.00155602 -0.00026271],[-0.00069806  0.00095107],[5.355116 5.63418 ],0.1,113.74487982335637,16.0,70.94149224142478,0.22854730762201567,42.67041881435312,1,0,[-0.00087028  0.00075139],[ 0.00036985 -0.0006979 ],[5.4253716 5.2839804],0.1
16.0,165.52383587495706,0.10510639475485148,65.64538771569637,1,0.9682517183091058,[-1.31963287e-04 -4.00672317e-05],[-0.00076532  0.00223143],[5.6017694 5.473726 ],0.1,151.35682483691528,94.70517940589286,16.647951036785194,316.88066071187234,0.19731475952230676,48.0329316404788,1,0.0,[0.00056365 0.00138191],[0.00085796 0.00068836],[5.3559737 5.6348686],0.1,113.93799575719186,16.0,70.8186564690642,0.2286606875252771,42.65278194051245,1,0,[-3.58095951e-04 -8.90358759e-05],[-5.004292e-04  5.348859e-05],[5.4248714 5.284034 ],0.1
16.0,166.5722945574987,0.10370700534475888,65.9252655977149,1,0.9726637025106203,[ 0.00041138 -0.00113714],[-0.00089728  0.00219136],[5.600872  5.4759173],0.1,149.58881401279388,95.95354413291818,16.645846587951084,316.1611085702926,0.19770796648634303,47.96302818020568,1,0.0,[-0.00032493 -0.00199313],[0.00142162 0.00207027],[5.357395 5.636939],0.1,114.45764185428794,16.0,70.61875042458053,0.22897786314369564,42.60344351098068,1,0,[ 0.00039891 -0.00113614],[-8.5852516e-04 -3.5547288e-05],[5.424013 5.283998],0.1
16.0,167.08000250107193,0.10299360974574581,66.0679447175175,1,0.974683215575512,[0.0009225  0.00026548],[-0.0004859   0.00105421],[5.600386  5.4769716],0.1,148.843935295922,96.47240770436485,16.640546535320937,315.9239377969939,0.19697210088027978,48.09384873239471,1,0.0,[ 0.00017169 -0.00021451],[1.0966867e-03 7.7143544e-05],[5.358492  5.6370163],0.1,114.68365699971315,16.0,70.60759479670708,0.23023560694555703,42.407794475135574,1,0,[-0.00089886  0.00033638],[-0.00045961 -0.00117169],[5.4235535 5.2828264],0.1
16.0,167.8489786791954,0.10313350954671474,66.03996475732372,1,0.977596185863905,[ 0.00224141 -0.00011222],[0.0004366 0.0013197],[5.600823  5.4782915],0.1,147.84584005984198,97.48990911349694,16.63386903972771,315.6948187390374,0.1959669092217777,48.272549471683966,1,0.0,[-0.00172098  0.0001453 ],[ 0.00126838 -0.00013736],[5.3597603 5.636879 ],0.1,114.66425082666109,16.0,70.35906956569846,0.2314768811945139,42.214707369742285,1,0,[0.00045421 0.00227164],[-0.00135847 -0.0008353 ],[5.422195 5.281991],0.1
16.0,168.7960485426156,0.10551171082363323,65.56432450194002,1,0.9809417574614183,[-0.00090502 -0.00107564],[0.00267801 0.00120748],[5.603501 5.479499],0.1,146.98933414694375,98.76873176767333,16.636152621127245,315.78538268955936,0.19629665207276806,48.21392852039679,1,0.0,[ 0.00192178 -0.00040078],[-4.525946e-04  7.935974e-06],[5.359308 5.636887],0.1,114.24193408538292,16.0,70.02731677494228,0.2304319584586938,42.37725090642541,1,0,[-0.00037526 -0.001496  ],[-0.00090426  0.00143634],[5.421291  5.2834272],0.1
16.0,169.0491005808542,0.1072262776667839,65.22141113330989,1,0.9817903399523323,[-0.00011623 -0.00110546],[0.00177299 0.00013184],[5.6052737 5.4796305],0.1,146.51797159286707,99.31506441540648,16.627853395381106,315.5670721737213,0.1949710923668115,48.44958357923351,1,0.0,[7.97163229e-05 4.58870921e-04],[ 0.00146918 -0.00039285],[5.360777 5.636494],0.1,114.16696399172645,16.0,69.73403616544772,0.2309279951585084,42.3000896420098,1,0,[ 0.00129084 -0.00017917],[-1.2795174e-03 -5.9659127e-05],[5.4200115 5.2833676],0.1
16.0,168.7121307278784,0.10903950267120895,64.85876613242488,1,0.9806561225093215,[ 0.00093815 -0.00016177],[ 0.00165676 -0.00097361],[5.6069303 5.478657 ],0.1,146.52069302217689,98.95492227668137,16.620263127994548,315.2328237500553,0.1939145305431973,48.63741679232049,1,0.0,[-0.00019104  0.00115374],[1.5488986e-03 6.6025357e-05],[5.3623257 5.63656  ],0.1,114.52438470114174,16.0,69.75720845119702,0.2311481566387594,42.26584230063742,1,0,[-0.000537    0.00132211],[ 1.1320924e-05 -2.3882573e-04],[5.420023  5.2831287],0.1
16.0,168.40186489578173,0.11180812504800286,64.3050416570661,1,0.9795817938795703,[-0.00012934  0.0007387 ],[ 0.00259491 -0.00113539],[5.609525  5.4775214],0.1,146.2922327858526,98.86055676312651,16.616410757247046,314.69409768163433,0.19381791124134432,48.65459355709435,1,0.0,[ 1.13954246e-03 -6.77353470e-05],[0.00135786 0.00121976],[5.3636837 5.6377797],0.1,114.84721045102089,16.0,69.54130813265522,0.23031514616069346,42.39542170833658,1,0,[0.00086969 0.00053114],[-0.00052568  0.00108328],[5.4194975 5.284212 ],0.1
16.0,168.45554803738764,0.11430331518060788,63.806003630545085,1,0.9797697334757806,[-0.00306041 -0.00084828],[ 0.00246556 -0.00039669],[5.611991  5.4771247],0.1,145.47058236100116,98.97492997687237,16.606689251843218,313.9261303983888,0.19289785871789142,48.81815845015264,1,0.0,[-0.00056881 -0.00075004],[0.0024974  0.00115203],[5.366181  5.6389318],0.1,115.55448766212646,16.0,69.48061806051527,0.22868237483794787,42.64940835854144,1,0,[ 0.0008563  -0.00247323],[0.00034402 0.00161442],[5.4198413 5.2858267],0.1
16.0,167.7825105185367,0.11397775592018608,63.87111548262945,1,0.9773513420603691,[0.00061139 0.00067824],[-0.00059485 -0.00124497],[5.6113963 5.4758797],0.1,145.64546799143312,97.94544601289562,16.598001752240727,313.4279785099698,0.19185655407477678,49.00327927559524,1,0.0,[-0.00093313 -0.00078763],[0.0019286  0.00040198],[5.3681097 5.6393337],0.1,116.40908599567126,16.0,69.83706450564108,0.22907040585109054,42.58904797871925,1,0,[-0.00027441  0.00021649],[ 0.00120031 -0.00085882],[5.4210415 5.284968 ],0.1
16.0,167.50606736421832,0.11411537720576492,63.84359122551369,1,0.9763189216232265,[-0.00021337  0.00215714],[ 1.6546459e-05 -5.6672946e-04],[5.611413  5.4753127],0.1,145.78447943485025,97.39654254720097,16.59208813667037,313.2905467990686,0.19089250610113653,49.174665582020175,1,0.0,[-0.00044831 -0.00141836],[ 0.00099546 -0.00038565],[5.3691053 5.638948 ],0.1,116.81897801794878,16.0,70.10952481701736,0.22935674616981686,42.54450615136182,1,0,[-0.0008754  -0.00082443],[ 0.00092591 -0.00064233],[5.4219675 5.2843256],0.1
16.0,168.26774732942215,0.1135891148735412,63.94884369195843,1,0.9791085034128416,[ 0.00188957 -0.00034345],[-0.00019683  0.00159041],[5.611216 5.476903],0.1,145.2768100789604,98.022494171159,16.58500468494279,313.54455740838256,0.18920631982733085,49.47443203069674,1,0.0,[-0.00047008  0.00171088],[ 0.00054715 -0.00180401],[5.3696523 5.637144 ],0.1,116.7006957498806,16.0,70.24525315826315,0.23071944866095345,42.332530208296134,1,0,[-0.00087211 -0.00075935],[ 5.0503702e-05 -1.4667573e-03],[5.422018 5.282859],0.1
16.0,169.04750981768382,0.11500362367492567,63.66594193168154,1,0.9817850653001724,[-0.001344    0.00054289],[0.00169274 0.00124696],[5.612909 5.47815 ],0.1,144.49949164827837,98.80739501433163,16.58439393581229,313.5470014659622,0.1890857048195421,49.495874698748075,1,0.0,[0.00051779 0.00029879],[ 7.7074161e-05 -9.3127834e-05],[5.3697295 5.637051 ],0.1,116.69311333739,16.0,70.24011480335218,0.23309202144496244,41.963463330783625,1,0,[0.00161435 0.00293452],[-0.00082161 -0.0022261 ],[5.4211965 5.280633 ],0.1
16.0,169.95598341703146,0.11502020084704563,63.66262649725754,1,0.9846740599305687,[-0.00033487 -0.00123525],[0.00034874 0.00178985],[5.6132574 5.47994  ],0.1,143.41717545552888,99.59080873156574,16.581910215273926,313.37315887256034,0.18882554570108342,49.542125208696284,1,0.0,[-0.00030571 -0.00032385],[0.00059486 0.00020566],[5.3703246 5.6372566],0.1,116.99201581290538,16.0,70.36517468546572,0.23215762724688843,42.10881353937292,1,0,[-0.00129191 -0.00019156],[0.00079275 0.00070841],[5.4219894 5.2813416],0.1
16.0,170.22939396845936,0.11493840768536025,63.678985129594615,1,0.9854950899420292,[-0.00051745  0.00087339],[1.3874436e-05 5.5459607e-04],[5.613271  5.4804945],0.1,143.10461331914615,100.02335180129108,16.580178767795243,313.3340072876055,0.1885411854209798,49.59267814738137,1,0.0,[0.00127218 0.0002387 ],[ 0.00028915 -0.00011819],[5.3706136 5.6371384],0.1,116.87203487956276,16.0,70.20604216716828,0.23183944497882672,42.15830855884918,1,0,[0.00018261 0.00055909],[-0.00049917  0.00051685],[5.42149   5.2818584],0.1
16.0,170.8926115950676,0.11420746376580138,63.82517391350639,1,0.9873934037433963,[-0.00132894  0.00091434],[-0.00050358  0.00142798],[5.6127677 5.4819226],0.1,142.0692220296013,100.85086388094555,16.5726539066898,312.9618336246689,0.1875615419029376,49.76683699503332,1,0.0,[0.0003877  0.00035927],[0.00156133 0.0001205 ],[5.3721747 5.637259 ],0.1,117.07991408945315,16.0,70.04174771412204,0.23093542828982896,42.298933377137715,1,0,[-0.00016107  0.00025682],[-0.00031656  0.00107594],[5.4211736 5.282934 ],0.1
16.0,171.92696805587707,0.11204559788781386,64.2575470891039,1,0.9900898676333095,[ 0.00049257 -0.00052629],[-0.00183252  0.00234232],[5.610935 5.484265],0.1,140.4965475116681,102.11057096096033,16.56405151512249,312.42351556754517,0.1865926728605872,49.93908038034006,1,0.0,[-0.00138591  0.00010724],[0.00194903 0.00047977],[5.3741236 5.6377387],0.1,117.39288152737157,16.0,69.81639709491674,0.2298475765853801,42.46815475338532,1,0,[ 0.00102689 -0.0023365 ],[-0.00047762  0.00133276],[5.420696 5.284267],0.1
16.0,172.76179680099324,0.11047568924107719,64.57152881845124,1,0.9920309121397181,[ 0.00167383 -0.00124771],[-0.00133995  0.00181603],[5.6095953 5.4860806],0.1,139.41255270685662,102.73124863512328,16.562644207727484,312.17434950784985,0.1866478381905754,49.929273210564375,1,0.0,[-0.0009683  -0.00062625],[0.00056311 0.00058701],[5.3746867 5.6383257],0.1,117.8561986580201,16.0,70.03054816586996,0.23060176112849678,42.35083715778939,1,0,[-0.00052944  0.00145384],[ 0.00054926 -0.00100374],[5.421245 5.283263],0.1
